client_id,round,dataset_size,n_classes,loss_before,acc_before,loss_after,acc_after,macro_f1_before,macro_f1_after,macro_f1_argmax,benign_fpr_argmax,f1_per_class_after,precision_per_class,recall_per_class,confusion_matrix_counts,confusion_matrix_normalized,confusion_matrix_class_names,fpr_after,pr_auc_after,threshold_tau,f1_bin_tau,benign_fpr_bin_tau,tau_bin,seed,weight_norm_before,weight_norm_after,weight_update_norm,grad_norm_l2,t_fit_ms,epochs_completed,lr,batch_size,macro_f1_global,macro_f1_personalized,benign_fpr_global,benign_fpr_personalized,personalization_gain,dp_epsilon,dp_delta,dp_sigma,dp_clip_norm,dp_sample_rate,dp_total_steps,dp_enabled,secure_aggregation,secure_aggregation_seed,secure_aggregation_mask_checksum
7,1,588,10,2.360503315925598,0.059322033898305086,1.207772970199585,0.6271186440677966,0.014583333333333334,0.348399855151716,0.348399855151716,1.0,"{""0"": 0.0, ""1"": 0.0, ""2"": 0.9411764705882353, ""3"": 0.0, ""4"": 0.851063829787234, ""5"": 0.5714285714285714, ""6"": 0.7719298245614035, ""7"": 0.0, ""8"": 0.0, ""9"": 0.0}","{""0"": 0.0, ""1"": 0.0, ""2"": 1.0, ""3"": 0.0, ""4"": 0.9090909090909091, ""5"": 0.4, ""6"": 0.7857142857142857, ""7"": 0.0, ""8"": 0.0, ""9"": 0.0}","{""0"": 0.0, ""1"": 0.0, ""2"": 0.8888888888888888, ""3"": 0.0, ""4"": 0.8, ""5"": 1.0, ""6"": 0.7586206896551724, ""7"": 0.0, ""8"": 0.0, ""9"": 0.0}","[[0.0, 0.0, 0.0, 0.0, 1.0, 7.0, 2.0, 0.0, 0.0, 0.0], [0.0, 0.0, 0.0, 0.0, 0.0, 7.0, 1.0, 0.0, 0.0, 0.0], [0.0, 0.0, 8.0, 0.0, 0.0, 1.0, 0.0, 0.0, 0.0, 0.0], [0.0, 0.0, 0.0, 0.0, 0.0, 7.0, 0.0, 0.0, 0.0, 0.0], [0.0, 0.0, 0.0, 0.0, 20.0, 2.0, 3.0, 0.0, 0.0, 0.0], [0.0, 0.0, 0.0, 0.0, 0.0, 24.0, 0.0, 0.0, 0.0, 0.0], [0.0, 0.0, 0.0, 0.0, 1.0, 6.0, 22.0, 0.0, 0.0, 0.0], [0.0, 0.0, 0.0, 0.0, 0.0, 2.0, 0.0, 0.0, 0.0, 0.0], [0.0, 0.0, 0.0, 0.0, 0.0, 4.0, 0.0, 0.0, 0.0, 0.0], [0.0, 0.0, 0.0, 0.0, 0.0, 0.0, 0.0, 0.0, 0.0, 0.0]]","[[0.0, 0.0, 0.0, 0.0, 0.1, 0.7, 0.2, 0.0, 0.0, 0.0], [0.0, 0.0, 0.0, 0.0, 0.0, 0.875, 0.125, 0.0, 0.0, 0.0], [0.0, 0.0, 0.8888888888888888, 0.0, 0.0, 0.1111111111111111, 0.0, 0.0, 0.0, 0.0], [0.0, 0.0, 0.0, 0.0, 0.0, 1.0, 0.0, 0.0, 0.0, 0.0], [0.0, 0.0, 0.0, 0.0, 0.8, 0.08, 0.12, 0.0, 0.0, 0.0], [0.0, 0.0, 0.0, 0.0, 0.0, 1.0, 0.0, 0.0, 0.0, 0.0], [0.0, 0.0, 0.0, 0.0, 0.034482758620689655, 0.20689655172413793, 0.7586206896551724, 0.0, 0.0, 0.0], [0.0, 0.0, 0.0, 0.0, 0.0, 1.0, 0.0, 0.0, 0.0, 0.0], [0.0, 0.0, 0.0, 0.0, 0.0, 1.0, 0.0, 0.0, 0.0, 0.0], [0.0, 0.0, 0.0, 0.0, 0.0, 0.0, 0.0, 0.0, 0.0, 0.0]]","[""BENIGN"", ""FTP-PATATOR"", ""DOS GOLDENEYE"", ""SSH-PATATOR"", ""DDOS"", ""PORTSCAN"", ""DOS HULK"", ""WEB ATTACK \ufffd XSS"", ""WEB ATTACK \ufffd BRUTE FORCE"", ""WEB ATTACK \ufffd SQL INJECTION""]",0.0,0.9899042804027335,0.9409376382827759,0.7865168539325843,0.0,0.9409376382827759,,5.979510341394314,7.198527005348985,3.6718822479176514,367.1882345404887,2475.9025829989696,1,0.01,64,,,,,,,,,,,,False,False,,
7,2,588,10,1.2673991918563843,0.6016949152542372,0.6334841549396515,0.8220338983050848,0.36636012429663223,0.5982879043182344,0.5982879043182344,0.4,"{""0"": 0.6, ""1"": 0.4, ""2"": 0.8421052631578947, ""3"": 0.8333333333333334, ""4"": 0.96, ""5"": 0.8, ""6"": 0.9491525423728814, ""7"": 0.0, ""8"": 0.0, ""9"": 0.0}","{""0"": 0.6, ""1"": 1.0, ""2"": 0.8, ""3"": 1.0, ""4"": 0.96, ""5"": 0.6666666666666666, ""6"": 0.9333333333333333, ""7"": 0.0, ""8"": 0.0, ""9"": 0.0}","{""0"": 0.6, ""1"": 0.25, ""2"": 0.8888888888888888, ""3"": 0.7142857142857143, ""4"": 0.96, ""5"": 1.0, ""6"": 0.9655172413793104, ""7"": 0.0, ""8"": 0.0, ""9"": 0.0}","[[6.0, 0.0, 1.0, 0.0, 1.0, 2.0, 0.0, 0.0, 0.0, 0.0], [0.0, 2.0, 0.0, 0.0, 0.0, 5.0, 1.0, 0.0, 0.0, 0.0], [1.0, 0.0, 8.0, 0.0, 0.0, 0.0, 0.0, 0.0, 0.0, 0.0], [2.0, 0.0, 0.0, 5.0, 0.0, 0.0, 0.0, 0.0, 0.0, 0.0], [0.0, 0.0, 0.0, 0.0, 24.0, 0.0, 1.0, 0.0, 0.0, 0.0], [0.0, 0.0, 0.0, 0.0, 0.0, 24.0, 0.0, 0.0, 0.0, 0.0], [0.0, 0.0, 1.0, 0.0, 0.0, 0.0, 28.0, 0.0, 0.0, 0.0], [0.0, 0.0, 0.0, 0.0, 0.0, 2.0, 0.0, 0.0, 0.0, 0.0], [1.0, 0.0, 0.0, 0.0, 0.0, 3.0, 0.0, 0.0, 0.0, 0.0], [0.0, 0.0, 0.0, 0.0, 0.0, 0.0, 0.0, 0.0, 0.0, 0.0]]","[[0.6, 0.0, 0.1, 0.0, 0.1, 0.2, 0.0, 0.0, 0.0, 0.0], [0.0, 0.25, 0.0, 0.0, 0.0, 0.625, 0.125, 0.0, 0.0, 0.0], [0.1111111111111111, 0.0, 0.8888888888888888, 0.0, 0.0, 0.0, 0.0, 0.0, 0.0, 0.0], [0.2857142857142857, 0.0, 0.0, 0.7142857142857143, 0.0, 0.0, 0.0, 0.0, 0.0, 0.0], [0.0, 0.0, 0.0, 0.0, 0.96, 0.0, 0.04, 0.0, 0.0, 0.0], [0.0, 0.0, 0.0, 0.0, 0.0, 1.0, 0.0, 0.0, 0.0, 0.0], [0.0, 0.0, 0.034482758620689655, 0.0, 0.0, 0.0, 0.9655172413793104, 0.0, 0.0, 0.0], [0.0, 0.0, 0.0, 0.0, 0.0, 1.0, 0.0, 0.0, 0.0, 0.0], [0.25, 0.0, 0.0, 0.0, 0.0, 0.75, 0.0, 0.0, 0.0, 0.0], [0.0, 0.0, 0.0, 0.0, 0.0, 0.0, 0.0, 0.0, 0.0, 0.0]]","[""BENIGN"", ""FTP-PATATOR"", ""DOS GOLDENEYE"", ""SSH-PATATOR"", ""DDOS"", ""PORTSCAN"", ""DOS HULK"", ""WEB ATTACK \ufffd XSS"", ""WEB ATTACK \ufffd BRUTE FORCE"", ""WEB ATTACK \ufffd SQL INJECTION""]",0.2,0.990048735483274,0.9079133868217468,0.8601036269430051,0.2,0.9079133868217468,,7.199217258169647,8.56880160238976,3.1148590884274734,311.4859160397357,60.04754200694151,1,0.01,64,,,,,,,,,,,,False,False,,
7,3,588,10,0.709216445684433,0.7711864406779662,0.45098403096199036,0.8728813559322034,0.45524052788420605,0.6727304117708766,0.6727304117708766,0.4,"{""0"": 0.75, ""1"": 0.7692307692307693, ""2"": 0.9411764705882353, ""3"": 0.8235294117647058, ""4"": 0.96, ""5"": 0.8275862068965517, ""6"": 0.9830508474576272, ""7"": 0.0, ""8"": 0.0, ""9"": 0.0}","{""0"": 1.0, ""1"": 1.0, ""2"": 1.0, ""3"": 0.7, ""4"": 0.96, ""5"": 0.7058823529411765, ""6"": 0.9666666666666667, ""7"": 0.0, ""8"": 0.0, ""9"": 0.0}","{""0"": 0.6, ""1"": 0.625, ""2"": 0.8888888888888888, ""3"": 1.0, ""4"": 0.96, ""5"": 1.0, ""6"": 1.0, ""7"": 0.0, ""8"": 0.0, ""9"": 0.0}","[[6.0, 0.0, 0.0, 1.0, 1.0, 2.0, 0.0, 0.0, 0.0, 0.0], [0.0, 5.0, 0.0, 0.0, 0.0, 3.0, 0.0, 0.0, 0.0, 0.0], [0.0, 0.0, 8.0, 1.0, 0.0, 0.0, 0.0, 0.0, 0.0, 0.0], [0.0, 0.0, 0.0, 7.0, 0.0, 0.0, 0.0, 0.0, 0.0, 0.0], [0.0, 0.0, 0.0, 0.0, 24.0, 0.0, 1.0, 0.0, 0.0, 0.0], [0.0, 0.0, 0.0, 0.0, 0.0, 24.0, 0.0, 0.0, 0.0, 0.0], [0.0, 0.0, 0.0, 0.0, 0.0, 0.0, 29.0, 0.0, 0.0, 0.0], [0.0, 0.0, 0.0, 0.0, 0.0, 2.0, 0.0, 0.0, 0.0, 0.0], [0.0, 0.0, 0.0, 1.0, 0.0, 3.0, 0.0, 0.0, 0.0, 0.0], [0.0, 0.0, 0.0, 0.0, 0.0, 0.0, 0.0, 0.0, 0.0, 0.0]]","[[0.6, 0.0, 0.0, 0.1, 0.1, 0.2, 0.0, 0.0, 0.0, 0.0], [0.0, 0.625, 0.0, 0.0, 0.0, 0.375, 0.0, 0.0, 0.0, 0.0], [0.0, 0.0, 0.8888888888888888, 0.1111111111111111, 0.0, 0.0, 0.0, 0.0, 0.0, 0.0], [0.0, 0.0, 0.0, 1.0, 0.0, 0.0, 0.0, 0.0, 0.0, 0.0], [0.0, 0.0, 0.0, 0.0, 0.96, 0.0, 0.04, 0.0, 0.0, 0.0], [0.0, 0.0, 0.0, 0.0, 0.0, 1.0, 0.0, 0.0, 0.0, 0.0], [0.0, 0.0, 0.0, 0.0, 0.0, 0.0, 1.0, 0.0, 0.0, 0.0], [0.0, 0.0, 0.0, 0.0, 0.0, 1.0, 0.0, 0.0, 0.0, 0.0], [0.0, 0.0, 0.0, 0.25, 0.0, 0.75, 0.0, 0.0, 0.0, 0.0], [0.0, 0.0, 0.0, 0.0, 0.0, 0.0, 0.0, 0.0, 0.0, 0.0]]","[""BENIGN"", ""FTP-PATATOR"", ""DOS GOLDENEYE"", ""SSH-PATATOR"", ""DDOS"", ""PORTSCAN"", ""DOS HULK"", ""WEB ATTACK \ufffd XSS"", ""WEB ATTACK \ufffd BRUTE FORCE"", ""WEB ATTACK \ufffd SQL INJECTION""]",0.4,0.99396168157803,0.7746476531028748,0.9771689497716894,0.4,0.7746476531028748,,8.41884718690536,9.450930762403178,2.2659149800314466,226.59149713412975,86.58925000054296,1,0.01,64,,,,,,,,,,,,False,False,,
7,4,588,10,0.5313281416893005,0.8220338983050848,0.38952410221099854,0.9152542372881356,0.6219628954161688,0.7765668489618069,0.7765668489618069,0.4,"{""0"": 0.6666666666666666, ""1"": 0.9411764705882353, ""2"": 0.875, ""3"": 0.9333333333333333, ""4"": 0.96, ""5"": 0.9795918367346939, ""6"": 0.9666666666666667, ""7"": 0.0, ""8"": 0.6666666666666666, ""9"": 0.0}","{""0"": 0.75, ""1"": 0.8888888888888888, ""2"": 1.0, ""3"": 0.875, ""4"": 0.96, ""5"": 0.96, ""6"": 0.9354838709677419, ""7"": 0.0, ""8"": 0.6, ""9"": 0.0}","{""0"": 0.6, ""1"": 1.0, ""2"": 0.7777777777777778, ""3"": 1.0, ""4"": 0.96, ""5"": 1.0, ""6"": 1.0, ""7"": 0.0, ""8"": 0.75, ""9"": 0.0}","[[6.0, 1.0, 0.0, 1.0, 1.0, 1.0, 0.0, 0.0, 0.0, 0.0], [0.0, 8.0, 0.0, 0.0, 0.0, 0.0, 0.0, 0.0, 0.0, 0.0], [1.0, 0.0, 7.0, 0.0, 0.0, 0.0, 1.0, 0.0, 0.0, 0.0], [0.0, 0.0, 0.0, 7.0, 0.0, 0.0, 0.0, 0.0, 0.0, 0.0], [0.0, 0.0, 0.0, 0.0, 24.0, 0.0, 1.0, 0.0, 0.0, 0.0], [0.0, 0.0, 0.0, 0.0, 0.0, 24.0, 0.0, 0.0, 0.0, 0.0], [0.0, 0.0, 0.0, 0.0, 0.0, 0.0, 29.0, 0.0, 0.0, 0.0], [0.0, 0.0, 0.0, 0.0, 0.0, 0.0, 0.0, 0.0, 2.0, 0.0], [1.0, 0.0, 0.0, 0.0, 0.0, 0.0, 0.0, 0.0, 3.0, 0.0], [0.0, 0.0, 0.0, 0.0, 0.0, 0.0, 0.0, 0.0, 0.0, 0.0]]","[[0.6, 0.1, 0.0, 0.1, 0.1, 0.1, 0.0, 0.0, 0.0, 0.0], [0.0, 1.0, 0.0, 0.0, 0.0, 0.0, 0.0, 0.0, 0.0, 0.0], [0.1111111111111111, 0.0, 0.7777777777777778, 0.0, 0.0, 0.0, 0.1111111111111111, 0.0, 0.0, 0.0], [0.0, 0.0, 0.0, 1.0, 0.0, 0.0, 0.0, 0.0, 0.0, 0.0], [0.0, 0.0, 0.0, 0.0, 0.96, 0.0, 0.04, 0.0, 0.0, 0.0], [0.0, 0.0, 0.0, 0.0, 0.0, 1.0, 0.0, 0.0, 0.0, 0.0], [0.0, 0.0, 0.0, 0.0, 0.0, 0.0, 1.0, 0.0, 0.0, 0.0], [0.0, 0.0, 0.0, 0.0, 0.0, 0.0, 0.0, 0.0, 1.0, 0.0], [0.25, 0.0, 0.0, 0.0, 0.0, 0.0, 0.0, 0.0, 0.75, 0.0], [0.0, 0.0, 0.0, 0.0, 0.0, 0.0, 0.0, 0.0, 0.0, 0.0]]","[""BENIGN"", ""FTP-PATATOR"", ""DOS GOLDENEYE"", ""SSH-PATATOR"", ""DDOS"", ""PORTSCAN"", ""DOS HULK"", ""WEB ATTACK \ufffd XSS"", ""WEB ATTACK \ufffd BRUTE FORCE"", ""WEB ATTACK \ufffd SQL INJECTION""]",0.1,0.9971528124814978,0.9442843198776245,0.9468599033816425,0.1,0.9442843198776245,,9.471616834264212,10.175024080936302,2.0060737445632895,200.60737831945778,49.15895800513681,1,0.01,64,,,,,,,,,,,,False,False,,
7,5,588,10,0.4695585370063782,0.847457627118644,0.23182865232229233,0.940677966101695,0.6747075782119586,0.8019807923169268,0.8019807923169268,0.4,"{""0"": 0.75, ""1"": 0.9411764705882353, ""2"": 0.9, ""3"": 1.0, ""4"": 0.9803921568627451, ""5"": 0.9795918367346939, ""6"": 1.0, ""7"": 0.0, ""8"": 0.6666666666666666, ""9"": 0.0}","{""0"": 1.0, ""1"": 0.8888888888888888, ""2"": 0.8181818181818182, ""3"": 1.0, ""4"": 0.9615384615384616, ""5"": 0.96, ""6"": 1.0, ""7"": 0.0, ""8"": 0.6, ""9"": 0.0}","{""0"": 0.6, ""1"": 1.0, ""2"": 1.0, ""3"": 1.0, ""4"": 1.0, ""5"": 1.0, ""6"": 1.0, ""7"": 0.0, ""8"": 0.75, ""9"": 0.0}","[[6.0, 1.0, 1.0, 0.0, 1.0, 1.0, 0.0, 0.0, 0.0, 0.0], [0.0, 8.0, 0.0, 0.0, 0.0, 0.0, 0.0, 0.0, 0.0, 0.0], [0.0, 0.0, 9.0, 0.0, 0.0, 0.0, 0.0, 0.0, 0.0, 0.0], [0.0, 0.0, 0.0, 7.0, 0.0, 0.0, 0.0, 0.0, 0.0, 0.0], [0.0, 0.0, 0.0, 0.0, 25.0, 0.0, 0.0, 0.0, 0.0, 0.0], [0.0, 0.0, 0.0, 0.0, 0.0, 24.0, 0.0, 0.0, 0.0, 0.0], [0.0, 0.0, 0.0, 0.0, 0.0, 0.0, 29.0, 0.0, 0.0, 0.0], [0.0, 0.0, 0.0, 0.0, 0.0, 0.0, 0.0, 0.0, 2.0, 0.0], [0.0, 0.0, 1.0, 0.0, 0.0, 0.0, 0.0, 0.0, 3.0, 0.0], [0.0, 0.0, 0.0, 0.0, 0.0, 0.0, 0.0, 0.0, 0.0, 0.0]]","[[0.6, 0.1, 0.1, 0.0, 0.1, 0.1, 0.0, 0.0, 0.0, 0.0], [0.0, 1.0, 0.0, 0.0, 0.0, 0.0, 0.0, 0.0, 0.0, 0.0], [0.0, 0.0, 1.0, 0.0, 0.0, 0.0, 0.0, 0.0, 0.0, 0.0], [0.0, 0.0, 0.0, 1.0, 0.0, 0.0, 0.0, 0.0, 0.0, 0.0], [0.0, 0.0, 0.0, 0.0, 1.0, 0.0, 0.0, 0.0, 0.0, 0.0], [0.0, 0.0, 0.0, 0.0, 0.0, 1.0, 0.0, 0.0, 0.0, 0.0], [0.0, 0.0, 0.0, 0.0, 0.0, 0.0, 1.0, 0.0, 0.0, 0.0], [0.0, 0.0, 0.0, 0.0, 0.0, 0.0, 0.0, 0.0, 1.0, 0.0], [0.0, 0.0, 0.25, 0.0, 0.0, 0.0, 0.0, 0.0, 0.75, 0.0], [0.0, 0.0, 0.0, 0.0, 0.0, 0.0, 0.0, 0.0, 0.0, 0.0]]","[""BENIGN"", ""FTP-PATATOR"", ""DOS GOLDENEYE"", ""SSH-PATATOR"", ""DDOS"", ""PORTSCAN"", ""DOS HULK"", ""WEB ATTACK \ufffd XSS"", ""WEB ATTACK \ufffd BRUTE FORCE"", ""WEB ATTACK \ufffd SQL INJECTION""]",0.1,0.997169146891881,0.9833860993385315,0.9468599033816425,0.1,0.9833860993385315,,10.221806580155055,10.86218508443891,2.081654508073382,208.1654590951403,58.66758301272057,1,0.01,64,,,,,,,,,,,,False,False,,
7,6,588,10,0.32766950130462646,0.9322033898305084,0.2664158567786217,0.923728813559322,0.8068093395149462,0.7818368414534677,0.7818368414534677,0.4,"{""0"": 0.75, ""1"": 1.0, ""2"": 0.8888888888888888, ""3"": 0.875, ""4"": 0.96, ""5"": 0.9795918367346939, ""6"": 0.9830508474576272, ""7"": 0.0, ""8"": 0.6, ""9"": 0.0}","{""0"": 1.0, ""1"": 1.0, ""2"": 0.8888888888888888, ""3"": 0.7777777777777778, ""4"": 0.96, ""5"": 0.96, ""6"": 0.9666666666666667, ""7"": 0.0, ""8"": 0.5, ""9"": 0.0}","{""0"": 0.6, ""1"": 1.0, ""2"": 0.8888888888888888, ""3"": 1.0, ""4"": 0.96, ""5"": 1.0, ""6"": 1.0, ""7"": 0.0, ""8"": 0.75, ""9"": 0.0}","[[6.0, 0.0, 1.0, 0.0, 1.0, 1.0, 0.0, 0.0, 1.0, 0.0], [0.0, 8.0, 0.0, 0.0, 0.0, 0.0, 0.0, 0.0, 0.0, 0.0], [0.0, 0.0, 8.0, 1.0, 0.0, 0.0, 0.0, 0.0, 0.0, 0.0], [0.0, 0.0, 0.0, 7.0, 0.0, 0.0, 0.0, 0.0, 0.0, 0.0], [0.0, 0.0, 0.0, 0.0, 24.0, 0.0, 1.0, 0.0, 0.0, 0.0], [0.0, 0.0, 0.0, 0.0, 0.0, 24.0, 0.0, 0.0, 0.0, 0.0], [0.0, 0.0, 0.0, 0.0, 0.0, 0.0, 29.0, 0.0, 0.0, 0.0], [0.0, 0.0, 0.0, 0.0, 0.0, 0.0, 0.0, 0.0, 2.0, 0.0], [0.0, 0.0, 0.0, 1.0, 0.0, 0.0, 0.0, 0.0, 3.0, 0.0], [0.0, 0.0, 0.0, 0.0, 0.0, 0.0, 0.0, 0.0, 0.0, 0.0]]","[[0.6, 0.0, 0.1, 0.0, 0.1, 0.1, 0.0, 0.0, 0.1, 0.0], [0.0, 1.0, 0.0, 0.0, 0.0, 0.0, 0.0, 0.0, 0.0, 0.0], [0.0, 0.0, 0.8888888888888888, 0.1111111111111111, 0.0, 0.0, 0.0, 0.0, 0.0, 0.0], [0.0, 0.0, 0.0, 1.0, 0.0, 0.0, 0.0, 0.0, 0.0, 0.0], [0.0, 0.0, 0.0, 0.0, 0.96, 0.0, 0.04, 0.0, 0.0, 0.0], [0.0, 0.0, 0.0, 0.0, 0.0, 1.0, 0.0, 0.0, 0.0, 0.0], [0.0, 0.0, 0.0, 0.0, 0.0, 0.0, 1.0, 0.0, 0.0, 0.0], [0.0, 0.0, 0.0, 0.0, 0.0, 0.0, 0.0, 0.0, 1.0, 0.0], [0.0, 0.0, 0.0, 0.25, 0.0, 0.0, 0.0, 0.0, 0.75, 0.0], [0.0, 0.0, 0.0, 0.0, 0.0, 0.0, 0.0, 0.0, 0.0, 0.0]]","[""BENIGN"", ""FTP-PATATOR"", ""DOS GOLDENEYE"", ""SSH-PATATOR"", ""DDOS"", ""PORTSCAN"", ""DOS HULK"", ""WEB ATTACK \ufffd XSS"", ""WEB ATTACK \ufffd BRUTE FORCE"", ""WEB ATTACK \ufffd SQL INJECTION""]",0.4,0.9977686774306251,0.9140335917472839,0.9724770642201835,0.4,0.9140335917472839,,10.821964198790534,11.416287428570977,2.0180753402641423,201.80753886202228,86.91275000455789,1,0.01,64,,,,,,,,,,,,False,False,,
7,7,588,10,0.3479454666376114,0.8983050847457628,0.3618723005056381,0.9067796610169492,0.770655396624288,0.7687254901960785,0.7687254901960785,0.5,"{""0"": 0.6666666666666666, ""1"": 1.0, ""2"": 0.875, ""3"": 0.8235294117647058, ""4"": 0.96, ""5"": 0.96, ""6"": 0.9666666666666667, ""7"": 0.0, ""8"": 0.6666666666666666, ""9"": 0.0}","{""0"": 1.0, ""1"": 1.0, ""2"": 1.0, ""3"": 0.7, ""4"": 0.96, ""5"": 0.9230769230769231, ""6"": 0.9354838709677419, ""7"": 0.0, ""8"": 0.6, ""9"": 0.0}","{""0"": 0.5, ""1"": 1.0, ""2"": 0.7777777777777778, ""3"": 1.0, ""4"": 0.96, ""5"": 1.0, ""6"": 1.0, ""7"": 0.0, ""8"": 0.75, ""9"": 0.0}","[[5.0, 0.0, 0.0, 1.0, 1.0, 2.0, 0.0, 1.0, 0.0, 0.0], [0.0, 8.0, 0.0, 0.0, 0.0, 0.0, 0.0, 0.0, 0.0, 0.0], [0.0, 0.0, 7.0, 1.0, 0.0, 0.0, 1.0, 0.0, 0.0, 0.0], [0.0, 0.0, 0.0, 7.0, 0.0, 0.0, 0.0, 0.0, 0.0, 0.0], [0.0, 0.0, 0.0, 0.0, 24.0, 0.0, 1.0, 0.0, 0.0, 0.0], [0.0, 0.0, 0.0, 0.0, 0.0, 24.0, 0.0, 0.0, 0.0, 0.0], [0.0, 0.0, 0.0, 0.0, 0.0, 0.0, 29.0, 0.0, 0.0, 0.0], [0.0, 0.0, 0.0, 0.0, 0.0, 0.0, 0.0, 0.0, 2.0, 0.0], [0.0, 0.0, 0.0, 1.0, 0.0, 0.0, 0.0, 0.0, 3.0, 0.0], [0.0, 0.0, 0.0, 0.0, 0.0, 0.0, 0.0, 0.0, 0.0, 0.0]]","[[0.5, 0.0, 0.0, 0.1, 0.1, 0.2, 0.0, 0.1, 0.0, 0.0], [0.0, 1.0, 0.0, 0.0, 0.0, 0.0, 0.0, 0.0, 0.0, 0.0], [0.0, 0.0, 0.7777777777777778, 0.1111111111111111, 0.0, 0.0, 0.1111111111111111, 0.0, 0.0, 0.0], [0.0, 0.0, 0.0, 1.0, 0.0, 0.0, 0.0, 0.0, 0.0, 0.0], [0.0, 0.0, 0.0, 0.0, 0.96, 0.0, 0.04, 0.0, 0.0, 0.0], [0.0, 0.0, 0.0, 0.0, 0.0, 1.0, 0.0, 0.0, 0.0, 0.0], [0.0, 0.0, 0.0, 0.0, 0.0, 0.0, 1.0, 0.0, 0.0, 0.0], [0.0, 0.0, 0.0, 0.0, 0.0, 0.0, 0.0, 0.0, 1.0, 0.0], [0.0, 0.0, 0.0, 0.25, 0.0, 0.0, 0.0, 0.0, 0.75, 0.0], [0.0, 0.0, 0.0, 0.0, 0.0, 0.0, 0.0, 0.0, 0.0, 0.0]]","[""BENIGN"", ""FTP-PATATOR"", ""DOS GOLDENEYE"", ""SSH-PATATOR"", ""DDOS"", ""PORTSCAN"", ""DOS HULK"", ""WEB ATTACK \ufffd XSS"", ""WEB ATTACK \ufffd BRUTE FORCE"", ""WEB ATTACK \ufffd SQL INJECTION""]",0.4,0.9966907932077034,0.9541014432907104,0.9818181818181818,0.4,0.9541014432907104,,11.329222639443241,11.77212007741903,2.1817567851169506,218.17568088887276,57.34629101061728,1,0.01,64,,,,,,,,,,,,False,False,,
7,8,588,10,0.21887266635894775,0.940677966101695,0.35483960807323456,0.8898305084745762,0.8128750991521343,0.7609398978446598,0.7609398978446598,0.4,"{""0"": 0.75, ""1"": 1.0, ""2"": 0.8888888888888888, ""3"": 0.875, ""4"": 0.8888888888888888, ""5"": 0.9795918367346939, ""6"": 0.9206349206349206, ""7"": 0.0, ""8"": 0.5454545454545454, ""9"": 0.0}","{""0"": 1.0, ""1"": 1.0, ""2"": 0.8888888888888888, ""3"": 0.7777777777777778, ""4"": 1.0, ""5"": 0.96, ""6"": 0.8529411764705882, ""7"": 0.0, ""8"": 0.42857142857142855, ""9"": 0.0}","{""0"": 0.6, ""1"": 1.0, ""2"": 0.8888888888888888, ""3"": 1.0, ""4"": 0.8, ""5"": 1.0, ""6"": 1.0, ""7"": 0.0, ""8"": 0.75, ""9"": 0.0}","[[6.0, 0.0, 1.0, 0.0, 0.0, 1.0, 0.0, 0.0, 2.0, 0.0], [0.0, 8.0, 0.0, 0.0, 0.0, 0.0, 0.0, 0.0, 0.0, 0.0], [0.0, 0.0, 8.0, 1.0, 0.0, 0.0, 0.0, 0.0, 0.0, 0.0], [0.0, 0.0, 0.0, 7.0, 0.0, 0.0, 0.0, 0.0, 0.0, 0.0], [0.0, 0.0, 0.0, 0.0, 20.0, 0.0, 5.0, 0.0, 0.0, 0.0], [0.0, 0.0, 0.0, 0.0, 0.0, 24.0, 0.0, 0.0, 0.0, 0.0], [0.0, 0.0, 0.0, 0.0, 0.0, 0.0, 29.0, 0.0, 0.0, 0.0], [0.0, 0.0, 0.0, 0.0, 0.0, 0.0, 0.0, 0.0, 2.0, 0.0], [0.0, 0.0, 0.0, 1.0, 0.0, 0.0, 0.0, 0.0, 3.0, 0.0], [0.0, 0.0, 0.0, 0.0, 0.0, 0.0, 0.0, 0.0, 0.0, 0.0]]","[[0.6, 0.0, 0.1, 0.0, 0.0, 0.1, 0.0, 0.0, 0.2, 0.0], [0.0, 1.0, 0.0, 0.0, 0.0, 0.0, 0.0, 0.0, 0.0, 0.0], [0.0, 0.0, 0.8888888888888888, 0.1111111111111111, 0.0, 0.0, 0.0, 0.0, 0.0, 0.0], [0.0, 0.0, 0.0, 1.0, 0.0, 0.0, 0.0, 0.0, 0.0, 0.0], [0.0, 0.0, 0.0, 0.0, 0.8, 0.0, 0.2, 0.0, 0.0, 0.0], [0.0, 0.0, 0.0, 0.0, 0.0, 1.0, 0.0, 0.0, 0.0, 0.0], [0.0, 0.0, 0.0, 0.0, 0.0, 0.0, 1.0, 0.0, 0.0, 0.0], [0.0, 0.0, 0.0, 0.0, 0.0, 0.0, 0.0, 0.0, 1.0, 0.0], [0.0, 0.0, 0.0, 0.25, 0.0, 0.0, 0.0, 0.0, 0.75, 0.0], [0.0, 0.0, 0.0, 0.0, 0.0, 0.0, 0.0, 0.0, 0.0, 0.0]]","[""BENIGN"", ""FTP-PATATOR"", ""DOS GOLDENEYE"", ""SSH-PATATOR"", ""DDOS"", ""PORTSCAN"", ""DOS HULK"", ""WEB ATTACK \ufffd XSS"", ""WEB ATTACK \ufffd BRUTE FORCE"", ""WEB ATTACK \ufffd SQL INJECTION""]",0.0,0.999829318785316,0.9551918506622314,0.976303317535545,0.0,0.9551918506622314,,11.79416848770897,12.190611454956892,1.7909110454999824,179.09111101678678,173.3362499944633,1,0.01,64,,,,,,,,,,,,False,False,,
7,9,588,10,0.26384979486465454,0.923728813559322,0.19714995473623276,0.940677966101695,0.800927967144212,0.8063724905166745,0.8063724905166745,0.4,"{""0"": 0.75, ""1"": 1.0, ""2"": 0.9473684210526315, ""3"": 1.0, ""4"": 0.9803921568627451, ""5"": 0.9795918367346939, ""6"": 1.0, ""7"": 0.0, ""8"": 0.6, ""9"": 0.0}","{""0"": 1.0, ""1"": 1.0, ""2"": 0.9, ""3"": 1.0, ""4"": 0.9615384615384616, ""5"": 0.96, ""6"": 1.0, ""7"": 0.0, ""8"": 0.5, ""9"": 0.0}","{""0"": 0.6, ""1"": 1.0, ""2"": 1.0, ""3"": 1.0, ""4"": 1.0, ""5"": 1.0, ""6"": 1.0, ""7"": 0.0, ""8"": 0.75, ""9"": 0.0}","[[6.0, 0.0, 0.0, 0.0, 1.0, 1.0, 0.0, 1.0, 1.0, 0.0], [0.0, 8.0, 0.0, 0.0, 0.0, 0.0, 0.0, 0.0, 0.0, 0.0], [0.0, 0.0, 9.0, 0.0, 0.0, 0.0, 0.0, 0.0, 0.0, 0.0], [0.0, 0.0, 0.0, 7.0, 0.0, 0.0, 0.0, 0.0, 0.0, 0.0], [0.0, 0.0, 0.0, 0.0, 25.0, 0.0, 0.0, 0.0, 0.0, 0.0], [0.0, 0.0, 0.0, 0.0, 0.0, 24.0, 0.0, 0.0, 0.0, 0.0], [0.0, 0.0, 0.0, 0.0, 0.0, 0.0, 29.0, 0.0, 0.0, 0.0], [0.0, 0.0, 0.0, 0.0, 0.0, 0.0, 0.0, 0.0, 2.0, 0.0], [0.0, 0.0, 1.0, 0.0, 0.0, 0.0, 0.0, 0.0, 3.0, 0.0], [0.0, 0.0, 0.0, 0.0, 0.0, 0.0, 0.0, 0.0, 0.0, 0.0]]","[[0.6, 0.0, 0.0, 0.0, 0.1, 0.1, 0.0, 0.1, 0.1, 0.0], [0.0, 1.0, 0.0, 0.0, 0.0, 0.0, 0.0, 0.0, 0.0, 0.0], [0.0, 0.0, 1.0, 0.0, 0.0, 0.0, 0.0, 0.0, 0.0, 0.0], [0.0, 0.0, 0.0, 1.0, 0.0, 0.0, 0.0, 0.0, 0.0, 0.0], [0.0, 0.0, 0.0, 0.0, 1.0, 0.0, 0.0, 0.0, 0.0, 0.0], [0.0, 0.0, 0.0, 0.0, 0.0, 1.0, 0.0, 0.0, 0.0, 0.0], [0.0, 0.0, 0.0, 0.0, 0.0, 0.0, 1.0, 0.0, 0.0, 0.0], [0.0, 0.0, 0.0, 0.0, 0.0, 0.0, 0.0, 0.0, 1.0, 0.0], [0.0, 0.0, 0.25, 0.0, 0.0, 0.0, 0.0, 0.0, 0.75, 0.0], [0.0, 0.0, 0.0, 0.0, 0.0, 0.0, 0.0, 0.0, 0.0, 0.0]]","[""BENIGN"", ""FTP-PATATOR"", ""DOS GOLDENEYE"", ""SSH-PATATOR"", ""DDOS"", ""PORTSCAN"", ""DOS HULK"", ""WEB ATTACK \ufffd XSS"", ""WEB ATTACK \ufffd BRUTE FORCE"", ""WEB ATTACK \ufffd SQL INJECTION""]",0.1,0.9981595585035885,0.9728273153305054,0.9716981132075472,0.1,0.9728273153305054,,12.212837889578974,12.554235183766975,1.9458711983540193,194.5871258673064,65.16187499801163,1,0.01,64,,,,,,,,,,,,False,False,,
7,10,588,10,0.24464449286460876,0.9322033898305084,0.33241795003414154,0.9067796610169492,0.800704385456028,0.7748116382219783,0.7748116382219783,0.30000000000000004,"{""0"": 0.8235294117647058, ""1"": 1.0, ""2"": 0.8235294117647058, ""3"": 0.875, ""4"": 0.9361702127659575, ""5"": 0.9795918367346939, ""6"": 0.9354838709677419, ""7"": 0.0, ""8"": 0.6, ""9"": 0.0}","{""0"": 1.0, ""1"": 1.0, ""2"": 0.875, ""3"": 0.7777777777777778, ""4"": 1.0, ""5"": 0.96, ""6"": 0.8787878787878788, ""7"": 0.0, ""8"": 0.5, ""9"": 0.0}","{""0"": 0.7, ""1"": 1.0, ""2"": 0.7777777777777778, ""3"": 1.0, ""4"": 0.88, ""5"": 1.0, ""6"": 1.0, ""7"": 0.0, ""8"": 0.75, ""9"": 0.0}","[[7.0, 0.0, 1.0, 0.0, 0.0, 1.0, 0.0, 0.0, 1.0, 0.0], [0.0, 8.0, 0.0, 0.0, 0.0, 0.0, 0.0, 0.0, 0.0, 0.0], [0.0, 0.0, 7.0, 1.0, 0.0, 0.0, 1.0, 0.0, 0.0, 0.0], [0.0, 0.0, 0.0, 7.0, 0.0, 0.0, 0.0, 0.0, 0.0, 0.0], [0.0, 0.0, 0.0, 0.0, 22.0, 0.0, 3.0, 0.0, 0.0, 0.0], [0.0, 0.0, 0.0, 0.0, 0.0, 24.0, 0.0, 0.0, 0.0, 0.0], [0.0, 0.0, 0.0, 0.0, 0.0, 0.0, 29.0, 0.0, 0.0, 0.0], [0.0, 0.0, 0.0, 0.0, 0.0, 0.0, 0.0, 0.0, 2.0, 0.0], [0.0, 0.0, 0.0, 1.0, 0.0, 0.0, 0.0, 0.0, 3.0, 0.0], [0.0, 0.0, 0.0, 0.0, 0.0, 0.0, 0.0, 0.0, 0.0, 0.0]]","[[0.7, 0.0, 0.1, 0.0, 0.0, 0.1, 0.0, 0.0, 0.1, 0.0], [0.0, 1.0, 0.0, 0.0, 0.0, 0.0, 0.0, 0.0, 0.0, 0.0], [0.0, 0.0, 0.7777777777777778, 0.1111111111111111, 0.0, 0.0, 0.1111111111111111, 0.0, 0.0, 0.0], [0.0, 0.0, 0.0, 1.0, 0.0, 0.0, 0.0, 0.0, 0.0, 0.0], [0.0, 0.0, 0.0, 0.0, 0.88, 0.0, 0.12, 0.0, 0.0, 0.0], [0.0, 0.0, 0.0, 0.0, 0.0, 1.0, 0.0, 0.0, 0.0, 0.0], [0.0, 0.0, 0.0, 0.0, 0.0, 0.0, 1.0, 0.0, 0.0, 0.0], [0.0, 0.0, 0.0, 0.0, 0.0, 0.0, 0.0, 0.0, 1.0, 0.0], [0.0, 0.0, 0.0, 0.25, 0.0, 0.0, 0.0, 0.0, 0.75, 0.0], [0.0, 0.0, 0.0, 0.0, 0.0, 0.0, 0.0, 0.0, 0.0, 0.0]]","[""BENIGN"", ""FTP-PATATOR"", ""DOS GOLDENEYE"", ""SSH-PATATOR"", ""DDOS"", ""PORTSCAN"", ""DOS HULK"", ""WEB ATTACK \ufffd XSS"", ""WEB ATTACK \ufffd BRUTE FORCE"", ""WEB ATTACK \ufffd SQL INJECTION""]",0.1,0.9960145332737684,0.9751207828521729,0.9519230769230769,0.1,0.9751207828521729,,12.551024325071205,12.850416964925953,1.8540815168115066,185.40815717165353,62.148999990313314,1,0.01,64,,,,,,,,,,,,False,False,,
7,11,588,10,0.3440419137477875,0.9152542372881356,0.2598436027765274,0.923728813559322,0.7952067425068828,0.7729585157123969,0.7729585157123969,0.4,"{""0"": 0.75, ""1"": 1.0, ""2"": 0.8235294117647058, ""3"": 0.875, ""4"": 1.0, ""5"": 0.9795918367346939, ""6"": 0.9830508474576272, ""7"": 0.0, ""8"": 0.5454545454545454, ""9"": 0.0}","{""0"": 1.0, ""1"": 1.0, ""2"": 0.875, ""3"": 0.7777777777777778, ""4"": 1.0, ""5"": 0.96, ""6"": 0.9666666666666667, ""7"": 0.0, ""8"": 0.42857142857142855, ""9"": 0.0}","{""0"": 0.6, ""1"": 1.0, ""2"": 0.7777777777777778, ""3"": 1.0, ""4"": 1.0, ""5"": 1.0, ""6"": 1.0, ""7"": 0.0, ""8"": 0.75, ""9"": 0.0}","[[6.0, 0.0, 1.0, 0.0, 0.0, 1.0, 0.0, 0.0, 2.0, 0.0], [0.0, 8.0, 0.0, 0.0, 0.0, 0.0, 0.0, 0.0, 0.0, 0.0], [0.0, 0.0, 7.0, 1.0, 0.0, 0.0, 1.0, 0.0, 0.0, 0.0], [0.0, 0.0, 0.0, 7.0, 0.0, 0.0, 0.0, 0.0, 0.0, 0.0], [0.0, 0.0, 0.0, 0.0, 25.0, 0.0, 0.0, 0.0, 0.0, 0.0], [0.0, 0.0, 0.0, 0.0, 0.0, 24.0, 0.0, 0.0, 0.0, 0.0], [0.0, 0.0, 0.0, 0.0, 0.0, 0.0, 29.0, 0.0, 0.0, 0.0], [0.0, 0.0, 0.0, 0.0, 0.0, 0.0, 0.0, 0.0, 2.0, 0.0], [0.0, 0.0, 0.0, 1.0, 0.0, 0.0, 0.0, 0.0, 3.0, 0.0], [0.0, 0.0, 0.0, 0.0, 0.0, 0.0, 0.0, 0.0, 0.0, 0.0]]","[[0.6, 0.0, 0.1, 0.0, 0.0, 0.1, 0.0, 0.0, 0.2, 0.0], [0.0, 1.0, 0.0, 0.0, 0.0, 0.0, 0.0, 0.0, 0.0, 0.0], [0.0, 0.0, 0.7777777777777778, 0.1111111111111111, 0.0, 0.0, 0.1111111111111111, 0.0, 0.0, 0.0], [0.0, 0.0, 0.0, 1.0, 0.0, 0.0, 0.0, 0.0, 0.0, 0.0], [0.0, 0.0, 0.0, 0.0, 1.0, 0.0, 0.0, 0.0, 0.0, 0.0], [0.0, 0.0, 0.0, 0.0, 0.0, 1.0, 0.0, 0.0, 0.0, 0.0], [0.0, 0.0, 0.0, 0.0, 0.0, 0.0, 1.0, 0.0, 0.0, 0.0], [0.0, 0.0, 0.0, 0.0, 0.0, 0.0, 0.0, 0.0, 1.0, 0.0], [0.0, 0.0, 0.0, 0.25, 0.0, 0.0, 0.0, 0.0, 0.75, 0.0], [0.0, 0.0, 0.0, 0.0, 0.0, 0.0, 0.0, 0.0, 0.0, 0.0]]","[""BENIGN"", ""FTP-PATATOR"", ""DOS GOLDENEYE"", ""SSH-PATATOR"", ""DDOS"", ""PORTSCAN"", ""DOS HULK"", ""WEB ATTACK \ufffd XSS"", ""WEB ATTACK \ufffd BRUTE FORCE"", ""WEB ATTACK \ufffd SQL INJECTION""]",0.3,0.9952143168886061,0.948996365070343,0.9674418604651163,0.3,0.948996365070343,,12.862891149296411,13.292097479005456,2.0086259709646366,200.8625989882954,56.4790000062203,1,0.01,64,,,,,,,,,,,,False,False,,
7,12,588,10,0.2097531408071518,0.940677966101695,0.2300495058298111,0.9322033898305084,0.8151368760064412,0.7897440457664547,0.7897440457664547,0.4,"{""0"": 0.7058823529411765, ""1"": 1.0, ""2"": 0.8888888888888888, ""3"": 0.9333333333333333, ""4"": 1.0, ""5"": 0.9795918367346939, ""6"": 1.0, ""7"": 0.0, ""8"": 0.6, ""9"": 0.0}","{""0"": 0.8571428571428571, ""1"": 1.0, ""2"": 0.8888888888888888, ""3"": 0.875, ""4"": 1.0, ""5"": 0.96, ""6"": 1.0, ""7"": 0.0, ""8"": 0.5, ""9"": 0.0}","{""0"": 0.6, ""1"": 1.0, ""2"": 0.8888888888888888, ""3"": 1.0, ""4"": 1.0, ""5"": 1.0, ""6"": 1.0, ""7"": 0.0, ""8"": 0.75, ""9"": 0.0}","[[6.0, 0.0, 1.0, 0.0, 0.0, 1.0, 0.0, 1.0, 1.0, 0.0], [0.0, 8.0, 0.0, 0.0, 0.0, 0.0, 0.0, 0.0, 0.0, 0.0], [1.0, 0.0, 8.0, 0.0, 0.0, 0.0, 0.0, 0.0, 0.0, 0.0], [0.0, 0.0, 0.0, 7.0, 0.0, 0.0, 0.0, 0.0, 0.0, 0.0], [0.0, 0.0, 0.0, 0.0, 25.0, 0.0, 0.0, 0.0, 0.0, 0.0], [0.0, 0.0, 0.0, 0.0, 0.0, 24.0, 0.0, 0.0, 0.0, 0.0], [0.0, 0.0, 0.0, 0.0, 0.0, 0.0, 29.0, 0.0, 0.0, 0.0], [0.0, 0.0, 0.0, 0.0, 0.0, 0.0, 0.0, 0.0, 2.0, 0.0], [0.0, 0.0, 0.0, 1.0, 0.0, 0.0, 0.0, 0.0, 3.0, 0.0], [0.0, 0.0, 0.0, 0.0, 0.0, 0.0, 0.0, 0.0, 0.0, 0.0]]","[[0.6, 0.0, 0.1, 0.0, 0.0, 0.1, 0.0, 0.1, 0.1, 0.0], [0.0, 1.0, 0.0, 0.0, 0.0, 0.0, 0.0, 0.0, 0.0, 0.0], [0.1111111111111111, 0.0, 0.8888888888888888, 0.0, 0.0, 0.0, 0.0, 0.0, 0.0, 0.0], [0.0, 0.0, 0.0, 1.0, 0.0, 0.0, 0.0, 0.0, 0.0, 0.0], [0.0, 0.0, 0.0, 0.0, 1.0, 0.0, 0.0, 0.0, 0.0, 0.0], [0.0, 0.0, 0.0, 0.0, 0.0, 1.0, 0.0, 0.0, 0.0, 0.0], [0.0, 0.0, 0.0, 0.0, 0.0, 0.0, 1.0, 0.0, 0.0, 0.0], [0.0, 0.0, 0.0, 0.0, 0.0, 0.0, 0.0, 0.0, 1.0, 0.0], [0.0, 0.0, 0.0, 0.25, 0.0, 0.0, 0.0, 0.0, 0.75, 0.0], [0.0, 0.0, 0.0, 0.0, 0.0, 0.0, 0.0, 0.0, 0.0, 0.0]]","[""BENIGN"", ""FTP-PATATOR"", ""DOS GOLDENEYE"", ""SSH-PATATOR"", ""DDOS"", ""PORTSCAN"", ""DOS HULK"", ""WEB ATTACK \ufffd XSS"", ""WEB ATTACK \ufffd BRUTE FORCE"", ""WEB ATTACK \ufffd SQL INJECTION""]",0.0,0.9906235361047043,0.9997479915618896,0.56,0.0,0.9997479915618896,,13.258314159165852,13.510804597843507,1.9807796370635207,198.0779680427639,53.92175000451971,1,0.01,64,,,,,,,,,,,,False,False,,
7,13,588,10,0.2289735972881317,0.923728813559322,0.26946301758289337,0.923728813559322,0.7976359338061466,0.777953106141161,0.777953106141161,0.4,"{""0"": 0.75, ""1"": 1.0, ""2"": 0.8888888888888888, ""3"": 0.875, ""4"": 0.9795918367346939, ""5"": 0.9795918367346939, ""6"": 0.9830508474576272, ""7"": 0.0, ""8"": 0.5454545454545454, ""9"": 0.0}","{""0"": 1.0, ""1"": 1.0, ""2"": 0.8888888888888888, ""3"": 0.7777777777777778, ""4"": 1.0, ""5"": 0.96, ""6"": 0.9666666666666667, ""7"": 0.0, ""8"": 0.42857142857142855, ""9"": 0.0}","{""0"": 0.6, ""1"": 1.0, ""2"": 0.8888888888888888, ""3"": 1.0, ""4"": 0.96, ""5"": 1.0, ""6"": 1.0, ""7"": 0.0, ""8"": 0.75, ""9"": 0.0}","[[6.0, 0.0, 1.0, 0.0, 0.0, 1.0, 0.0, 0.0, 2.0, 0.0], [0.0, 8.0, 0.0, 0.0, 0.0, 0.0, 0.0, 0.0, 0.0, 0.0], [0.0, 0.0, 8.0, 1.0, 0.0, 0.0, 0.0, 0.0, 0.0, 0.0], [0.0, 0.0, 0.0, 7.0, 0.0, 0.0, 0.0, 0.0, 0.0, 0.0], [0.0, 0.0, 0.0, 0.0, 24.0, 0.0, 1.0, 0.0, 0.0, 0.0], [0.0, 0.0, 0.0, 0.0, 0.0, 24.0, 0.0, 0.0, 0.0, 0.0], [0.0, 0.0, 0.0, 0.0, 0.0, 0.0, 29.0, 0.0, 0.0, 0.0], [0.0, 0.0, 0.0, 0.0, 0.0, 0.0, 0.0, 0.0, 2.0, 0.0], [0.0, 0.0, 0.0, 1.0, 0.0, 0.0, 0.0, 0.0, 3.0, 0.0], [0.0, 0.0, 0.0, 0.0, 0.0, 0.0, 0.0, 0.0, 0.0, 0.0]]","[[0.6, 0.0, 0.1, 0.0, 0.0, 0.1, 0.0, 0.0, 0.2, 0.0], [0.0, 1.0, 0.0, 0.0, 0.0, 0.0, 0.0, 0.0, 0.0, 0.0], [0.0, 0.0, 0.8888888888888888, 0.1111111111111111, 0.0, 0.0, 0.0, 0.0, 0.0, 0.0], [0.0, 0.0, 0.0, 1.0, 0.0, 0.0, 0.0, 0.0, 0.0, 0.0], [0.0, 0.0, 0.0, 0.0, 0.96, 0.0, 0.04, 0.0, 0.0, 0.0], [0.0, 0.0, 0.0, 0.0, 0.0, 1.0, 0.0, 0.0, 0.0, 0.0], [0.0, 0.0, 0.0, 0.0, 0.0, 0.0, 1.0, 0.0, 0.0, 0.0], [0.0, 0.0, 0.0, 0.0, 0.0, 0.0, 0.0, 0.0, 1.0, 0.0], [0.0, 0.0, 0.0, 0.25, 0.0, 0.0, 0.0, 0.0, 0.75, 0.0], [0.0, 0.0, 0.0, 0.0, 0.0, 0.0, 0.0, 0.0, 0.0, 0.0]]","[""BENIGN"", ""FTP-PATATOR"", ""DOS GOLDENEYE"", ""SSH-PATATOR"", ""DDOS"", ""PORTSCAN"", ""DOS HULK"", ""WEB ATTACK \ufffd XSS"", ""WEB ATTACK \ufffd BRUTE FORCE"", ""WEB ATTACK \ufffd SQL INJECTION""]",0.1,0.9925636821029004,0.9961080551147461,0.8342245989304813,0.1,0.9961080551147461,,13.564461916652217,13.840377615898834,1.9005981654941135,190.05981897020555,56.29741599841509,1,0.01,64,,,,,,,,,,,,False,False,,
7,14,588,10,0.20180926471948624,0.9322033898305084,0.21012423932552338,0.9322033898305084,0.8087470449172577,0.7821039190086808,0.7821039190086808,0.4,"{""0"": 0.75, ""1"": 1.0, ""2"": 0.8888888888888888, ""3"": 0.875, ""4"": 1.0, ""5"": 0.9795918367346939, ""6"": 1.0, ""7"": 0.0, ""8"": 0.5454545454545454, ""9"": 0.0}","{""0"": 1.0, ""1"": 1.0, ""2"": 0.8888888888888888, ""3"": 0.7777777777777778, ""4"": 1.0, ""5"": 0.96, ""6"": 1.0, ""7"": 0.0, ""8"": 0.42857142857142855, ""9"": 0.0}","{""0"": 0.6, ""1"": 1.0, ""2"": 0.8888888888888888, ""3"": 1.0, ""4"": 1.0, ""5"": 1.0, ""6"": 1.0, ""7"": 0.0, ""8"": 0.75, ""9"": 0.0}","[[6.0, 0.0, 1.0, 0.0, 0.0, 1.0, 0.0, 0.0, 2.0, 0.0], [0.0, 8.0, 0.0, 0.0, 0.0, 0.0, 0.0, 0.0, 0.0, 0.0], [0.0, 0.0, 8.0, 1.0, 0.0, 0.0, 0.0, 0.0, 0.0, 0.0], [0.0, 0.0, 0.0, 7.0, 0.0, 0.0, 0.0, 0.0, 0.0, 0.0], [0.0, 0.0, 0.0, 0.0, 25.0, 0.0, 0.0, 0.0, 0.0, 0.0], [0.0, 0.0, 0.0, 0.0, 0.0, 24.0, 0.0, 0.0, 0.0, 0.0], [0.0, 0.0, 0.0, 0.0, 0.0, 0.0, 29.0, 0.0, 0.0, 0.0], [0.0, 0.0, 0.0, 0.0, 0.0, 0.0, 0.0, 0.0, 2.0, 0.0], [0.0, 0.0, 0.0, 1.0, 0.0, 0.0, 0.0, 0.0, 3.0, 0.0], [0.0, 0.0, 0.0, 0.0, 0.0, 0.0, 0.0, 0.0, 0.0, 0.0]]","[[0.6, 0.0, 0.1, 0.0, 0.0, 0.1, 0.0, 0.0, 0.2, 0.0], [0.0, 1.0, 0.0, 0.0, 0.0, 0.0, 0.0, 0.0, 0.0, 0.0], [0.0, 0.0, 0.8888888888888888, 0.1111111111111111, 0.0, 0.0, 0.0, 0.0, 0.0, 0.0], [0.0, 0.0, 0.0, 1.0, 0.0, 0.0, 0.0, 0.0, 0.0, 0.0], [0.0, 0.0, 0.0, 0.0, 1.0, 0.0, 0.0, 0.0, 0.0, 0.0], [0.0, 0.0, 0.0, 0.0, 0.0, 1.0, 0.0, 0.0, 0.0, 0.0], [0.0, 0.0, 0.0, 0.0, 0.0, 0.0, 1.0, 0.0, 0.0, 0.0], [0.0, 0.0, 0.0, 0.0, 0.0, 0.0, 0.0, 0.0, 1.0, 0.0], [0.0, 0.0, 0.0, 0.25, 0.0, 0.0, 0.0, 0.0, 0.75, 0.0], [0.0, 0.0, 0.0, 0.0, 0.0, 0.0, 0.0, 0.0, 0.0, 0.0]]","[""BENIGN"", ""FTP-PATATOR"", ""DOS GOLDENEYE"", ""SSH-PATATOR"", ""DDOS"", ""PORTSCAN"", ""DOS HULK"", ""WEB ATTACK \ufffd XSS"", ""WEB ATTACK \ufffd BRUTE FORCE"", ""WEB ATTACK \ufffd SQL INJECTION""]",0.1,0.9954011646177932,0.990192174911499,0.898989898989899,0.1,0.990192174911499,,13.870394309609328,14.091312902418112,1.793869825928402,179.38698757402267,49.901791993761435,1,0.01,64,,,,,,,,,,,,False,False,,
7,15,588,10,0.21602843701839447,0.9322033898305084,0.30113615840673447,0.923728813559322,0.8087470449172577,0.7892442488608752,0.7892442488608752,0.4,"{""0"": 0.75, ""1"": 1.0, ""2"": 0.8888888888888888, ""3"": 0.875, ""4"": 0.9795918367346939, ""5"": 0.96, ""6"": 0.9830508474576272, ""7"": 0.0, ""8"": 0.6666666666666666, ""9"": 0.0}","{""0"": 1.0, ""1"": 1.0, ""2"": 0.8888888888888888, ""3"": 0.7777777777777778, ""4"": 1.0, ""5"": 0.9230769230769231, ""6"": 0.9666666666666667, ""7"": 0.0, ""8"": 0.6, ""9"": 0.0}","{""0"": 0.6, ""1"": 1.0, ""2"": 0.8888888888888888, ""3"": 1.0, ""4"": 0.96, ""5"": 1.0, ""6"": 1.0, ""7"": 0.0, ""8"": 0.75, ""9"": 0.0}","[[6.0, 0.0, 1.0, 0.0, 0.0, 2.0, 0.0, 1.0, 0.0, 0.0], [0.0, 8.0, 0.0, 0.0, 0.0, 0.0, 0.0, 0.0, 0.0, 0.0], [0.0, 0.0, 8.0, 1.0, 0.0, 0.0, 0.0, 0.0, 0.0, 0.0], [0.0, 0.0, 0.0, 7.0, 0.0, 0.0, 0.0, 0.0, 0.0, 0.0], [0.0, 0.0, 0.0, 0.0, 24.0, 0.0, 1.0, 0.0, 0.0, 0.0], [0.0, 0.0, 0.0, 0.0, 0.0, 24.0, 0.0, 0.0, 0.0, 0.0], [0.0, 0.0, 0.0, 0.0, 0.0, 0.0, 29.0, 0.0, 0.0, 0.0], [0.0, 0.0, 0.0, 0.0, 0.0, 0.0, 0.0, 0.0, 2.0, 0.0], [0.0, 0.0, 0.0, 1.0, 0.0, 0.0, 0.0, 0.0, 3.0, 0.0], [0.0, 0.0, 0.0, 0.0, 0.0, 0.0, 0.0, 0.0, 0.0, 0.0]]","[[0.6, 0.0, 0.1, 0.0, 0.0, 0.2, 0.0, 0.1, 0.0, 0.0], [0.0, 1.0, 0.0, 0.0, 0.0, 0.0, 0.0, 0.0, 0.0, 0.0], [0.0, 0.0, 0.8888888888888888, 0.1111111111111111, 0.0, 0.0, 0.0, 0.0, 0.0, 0.0], [0.0, 0.0, 0.0, 1.0, 0.0, 0.0, 0.0, 0.0, 0.0, 0.0], [0.0, 0.0, 0.0, 0.0, 0.96, 0.0, 0.04, 0.0, 0.0, 0.0], [0.0, 0.0, 0.0, 0.0, 0.0, 1.0, 0.0, 0.0, 0.0, 0.0], [0.0, 0.0, 0.0, 0.0, 0.0, 0.0, 1.0, 0.0, 0.0, 0.0], [0.0, 0.0, 0.0, 0.0, 0.0, 0.0, 0.0, 0.0, 1.0, 0.0], [0.0, 0.0, 0.0, 0.25, 0.0, 0.0, 0.0, 0.0, 0.75, 0.0], [0.0, 0.0, 0.0, 0.0, 0.0, 0.0, 0.0, 0.0, 0.0, 0.0]]","[""BENIGN"", ""FTP-PATATOR"", ""DOS GOLDENEYE"", ""SSH-PATATOR"", ""DDOS"", ""PORTSCAN"", ""DOS HULK"", ""WEB ATTACK \ufffd XSS"", ""WEB ATTACK \ufffd BRUTE FORCE"", ""WEB ATTACK \ufffd SQL INJECTION""]",0.2,0.9939723902401048,0.9808081388473511,0.9523809523809523,0.2,0.9808081388473511,,14.207327114084032,14.467555935036172,1.9509904739417787,195.09905517638725,113.3356670034118,1,0.01,64,,,,,,,,,,,,False,False,,
7,16,588,10,0.23332292586565018,0.940677966101695,0.24238098412752151,0.9322033898305084,0.8151368760064412,0.7881645250692869,0.7881645250692869,0.4,"{""0"": 0.75, ""1"": 1.0, ""2"": 0.8888888888888888, ""3"": 0.875, ""4"": 1.0, ""5"": 0.9795918367346939, ""6"": 1.0, ""7"": 0.0, ""8"": 0.6, ""9"": 0.0}","{""0"": 1.0, ""1"": 1.0, ""2"": 0.8888888888888888, ""3"": 0.7777777777777778, ""4"": 1.0, ""5"": 0.96, ""6"": 1.0, ""7"": 0.0, ""8"": 0.5, ""9"": 0.0}","{""0"": 0.6, ""1"": 1.0, ""2"": 0.8888888888888888, ""3"": 1.0, ""4"": 1.0, ""5"": 1.0, ""6"": 1.0, ""7"": 0.0, ""8"": 0.75, ""9"": 0.0}","[[6.0, 0.0, 1.0, 0.0, 0.0, 1.0, 0.0, 1.0, 1.0, 0.0], [0.0, 8.0, 0.0, 0.0, 0.0, 0.0, 0.0, 0.0, 0.0, 0.0], [0.0, 0.0, 8.0, 1.0, 0.0, 0.0, 0.0, 0.0, 0.0, 0.0], [0.0, 0.0, 0.0, 7.0, 0.0, 0.0, 0.0, 0.0, 0.0, 0.0], [0.0, 0.0, 0.0, 0.0, 25.0, 0.0, 0.0, 0.0, 0.0, 0.0], [0.0, 0.0, 0.0, 0.0, 0.0, 24.0, 0.0, 0.0, 0.0, 0.0], [0.0, 0.0, 0.0, 0.0, 0.0, 0.0, 29.0, 0.0, 0.0, 0.0], [0.0, 0.0, 0.0, 0.0, 0.0, 0.0, 0.0, 0.0, 2.0, 0.0], [0.0, 0.0, 0.0, 1.0, 0.0, 0.0, 0.0, 0.0, 3.0, 0.0], [0.0, 0.0, 0.0, 0.0, 0.0, 0.0, 0.0, 0.0, 0.0, 0.0]]","[[0.6, 0.0, 0.1, 0.0, 0.0, 0.1, 0.0, 0.1, 0.1, 0.0], [0.0, 1.0, 0.0, 0.0, 0.0, 0.0, 0.0, 0.0, 0.0, 0.0], [0.0, 0.0, 0.8888888888888888, 0.1111111111111111, 0.0, 0.0, 0.0, 0.0, 0.0, 0.0], [0.0, 0.0, 0.0, 1.0, 0.0, 0.0, 0.0, 0.0, 0.0, 0.0], [0.0, 0.0, 0.0, 0.0, 1.0, 0.0, 0.0, 0.0, 0.0, 0.0], [0.0, 0.0, 0.0, 0.0, 0.0, 1.0, 0.0, 0.0, 0.0, 0.0], [0.0, 0.0, 0.0, 0.0, 0.0, 0.0, 1.0, 0.0, 0.0, 0.0], [0.0, 0.0, 0.0, 0.0, 0.0, 0.0, 0.0, 0.0, 1.0, 0.0], [0.0, 0.0, 0.0, 0.25, 0.0, 0.0, 0.0, 0.0, 0.75, 0.0], [0.0, 0.0, 0.0, 0.0, 0.0, 0.0, 0.0, 0.0, 0.0, 0.0]]","[""BENIGN"", ""FTP-PATATOR"", ""DOS GOLDENEYE"", ""SSH-PATATOR"", ""DDOS"", ""PORTSCAN"", ""DOS HULK"", ""WEB ATTACK \ufffd XSS"", ""WEB ATTACK \ufffd BRUTE FORCE"", ""WEB ATTACK \ufffd SQL INJECTION""]",0.0,0.9893216365597961,0.9999974370002747,0.5,0.0,0.9999974370002747,,14.453403327942572,14.68199622233738,1.8355130443045031,183.5513087787901,86.02483299910091,1,0.01,64,,,,,,,,,,,,False,False,,
7,17,588,10,0.19802480190992355,0.940677966101695,0.25653908401727676,0.9067796610169492,0.8151368760064412,0.7446895779896777,0.7446895779896777,0.4,"{""0"": 0.7058823529411765, ""1"": 1.0, ""2"": 0.8235294117647058, ""3"": 0.9333333333333333, ""4"": 1.0, ""5"": 0.9230769230769231, ""6"": 0.9830508474576272, ""7"": 0.3333333333333333, ""8"": 0.0, ""9"": 0.0}","{""0"": 0.8571428571428571, ""1"": 1.0, ""2"": 0.875, ""3"": 0.875, ""4"": 1.0, ""5"": 0.8571428571428571, ""6"": 0.9666666666666667, ""7"": 0.25, ""8"": 0.0, ""9"": 0.0}","{""0"": 0.6, ""1"": 1.0, ""2"": 0.7777777777777778, ""3"": 1.0, ""4"": 1.0, ""5"": 1.0, ""6"": 1.0, ""7"": 0.5, ""8"": 0.0, ""9"": 0.0}","[[6.0, 0.0, 1.0, 0.0, 0.0, 2.0, 0.0, 1.0, 0.0, 0.0], [0.0, 8.0, 0.0, 0.0, 0.0, 0.0, 0.0, 0.0, 0.0, 0.0], [1.0, 0.0, 7.0, 0.0, 0.0, 0.0, 1.0, 0.0, 0.0, 0.0], [0.0, 0.0, 0.0, 7.0, 0.0, 0.0, 0.0, 0.0, 0.0, 0.0], [0.0, 0.0, 0.0, 0.0, 25.0, 0.0, 0.0, 0.0, 0.0, 0.0], [0.0, 0.0, 0.0, 0.0, 0.0, 24.0, 0.0, 0.0, 0.0, 0.0], [0.0, 0.0, 0.0, 0.0, 0.0, 0.0, 29.0, 0.0, 0.0, 0.0], [0.0, 0.0, 0.0, 0.0, 0.0, 1.0, 0.0, 1.0, 0.0, 0.0], [0.0, 0.0, 0.0, 1.0, 0.0, 1.0, 0.0, 2.0, 0.0, 0.0], [0.0, 0.0, 0.0, 0.0, 0.0, 0.0, 0.0, 0.0, 0.0, 0.0]]","[[0.6, 0.0, 0.1, 0.0, 0.0, 0.2, 0.0, 0.1, 0.0, 0.0], [0.0, 1.0, 0.0, 0.0, 0.0, 0.0, 0.0, 0.0, 0.0, 0.0], [0.1111111111111111, 0.0, 0.7777777777777778, 0.0, 0.0, 0.0, 0.1111111111111111, 0.0, 0.0, 0.0], [0.0, 0.0, 0.0, 1.0, 0.0, 0.0, 0.0, 0.0, 0.0, 0.0], [0.0, 0.0, 0.0, 0.0, 1.0, 0.0, 0.0, 0.0, 0.0, 0.0], [0.0, 0.0, 0.0, 0.0, 0.0, 1.0, 0.0, 0.0, 0.0, 0.0], [0.0, 0.0, 0.0, 0.0, 0.0, 0.0, 1.0, 0.0, 0.0, 0.0], [0.0, 0.0, 0.0, 0.0, 0.0, 0.5, 0.0, 0.5, 0.0, 0.0], [0.0, 0.0, 0.0, 0.25, 0.0, 0.25, 0.0, 0.5, 0.0, 0.0], [0.0, 0.0, 0.0, 0.0, 0.0, 0.0, 0.0, 0.0, 0.0, 0.0]]","[""BENIGN"", ""FTP-PATATOR"", ""DOS GOLDENEYE"", ""SSH-PATATOR"", ""DDOS"", ""PORTSCAN"", ""DOS HULK"", ""WEB ATTACK \ufffd XSS"", ""WEB ATTACK \ufffd BRUTE FORCE"", ""WEB ATTACK \ufffd SQL INJECTION""]",0.1,0.9952484291777276,0.9953525066375732,0.898989898989899,0.1,0.9953525066375732,,14.738464244633608,14.969820791621464,1.6836114472313195,168.3611526855648,62.47291699401103,1,0.01,64,,,,,,,,,,,,False,False,,
7,18,588,10,0.17190780490636826,0.940677966101695,0.16152791678905487,0.923728813559322,0.8151368760064412,0.7729585157123969,0.7729585157123969,0.4,"{""0"": 0.75, ""1"": 1.0, ""2"": 0.8235294117647058, ""3"": 0.875, ""4"": 1.0, ""5"": 0.9795918367346939, ""6"": 0.9830508474576272, ""7"": 0.0, ""8"": 0.5454545454545454, ""9"": 0.0}","{""0"": 1.0, ""1"": 1.0, ""2"": 0.875, ""3"": 0.7777777777777778, ""4"": 1.0, ""5"": 0.96, ""6"": 0.9666666666666667, ""7"": 0.0, ""8"": 0.42857142857142855, ""9"": 0.0}","{""0"": 0.6, ""1"": 1.0, ""2"": 0.7777777777777778, ""3"": 1.0, ""4"": 1.0, ""5"": 1.0, ""6"": 1.0, ""7"": 0.0, ""8"": 0.75, ""9"": 0.0}","[[6.0, 0.0, 1.0, 0.0, 0.0, 1.0, 0.0, 0.0, 2.0, 0.0], [0.0, 8.0, 0.0, 0.0, 0.0, 0.0, 0.0, 0.0, 0.0, 0.0], [0.0, 0.0, 7.0, 1.0, 0.0, 0.0, 1.0, 0.0, 0.0, 0.0], [0.0, 0.0, 0.0, 7.0, 0.0, 0.0, 0.0, 0.0, 0.0, 0.0], [0.0, 0.0, 0.0, 0.0, 25.0, 0.0, 0.0, 0.0, 0.0, 0.0], [0.0, 0.0, 0.0, 0.0, 0.0, 24.0, 0.0, 0.0, 0.0, 0.0], [0.0, 0.0, 0.0, 0.0, 0.0, 0.0, 29.0, 0.0, 0.0, 0.0], [0.0, 0.0, 0.0, 0.0, 0.0, 0.0, 0.0, 0.0, 2.0, 0.0], [0.0, 0.0, 0.0, 1.0, 0.0, 0.0, 0.0, 0.0, 3.0, 0.0], [0.0, 0.0, 0.0, 0.0, 0.0, 0.0, 0.0, 0.0, 0.0, 0.0]]","[[0.6, 0.0, 0.1, 0.0, 0.0, 0.1, 0.0, 0.0, 0.2, 0.0], [0.0, 1.0, 0.0, 0.0, 0.0, 0.0, 0.0, 0.0, 0.0, 0.0], [0.0, 0.0, 0.7777777777777778, 0.1111111111111111, 0.0, 0.0, 0.1111111111111111, 0.0, 0.0, 0.0], [0.0, 0.0, 0.0, 1.0, 0.0, 0.0, 0.0, 0.0, 0.0, 0.0], [0.0, 0.0, 0.0, 0.0, 1.0, 0.0, 0.0, 0.0, 0.0, 0.0], [0.0, 0.0, 0.0, 0.0, 0.0, 1.0, 0.0, 0.0, 0.0, 0.0], [0.0, 0.0, 0.0, 0.0, 0.0, 0.0, 1.0, 0.0, 0.0, 0.0], [0.0, 0.0, 0.0, 0.0, 0.0, 0.0, 0.0, 0.0, 1.0, 0.0], [0.0, 0.0, 0.0, 0.25, 0.0, 0.0, 0.0, 0.0, 0.75, 0.0], [0.0, 0.0, 0.0, 0.0, 0.0, 0.0, 0.0, 0.0, 0.0, 0.0]]","[""BENIGN"", ""FTP-PATATOR"", ""DOS GOLDENEYE"", ""SSH-PATATOR"", ""DDOS"", ""PORTSCAN"", ""DOS HULK"", ""WEB ATTACK \ufffd XSS"", ""WEB ATTACK \ufffd BRUTE FORCE"", ""WEB ATTACK \ufffd SQL INJECTION""]",0.0,0.9996554321496061,0.9627929925918579,0.9811320754716981,0.0,0.9627929925918579,,14.966380210471884,15.191636621048275,1.5545366342226816,155.45366573287623,54.463874999783,1,0.01,64,,,,,,,,,,,,False,False,,
7,19,588,10,0.19644205272197723,0.940677966101695,0.2553178369998932,0.9322033898305084,0.8104497354497355,0.7867335486383106,0.7867335486383106,0.4,"{""0"": 0.6666666666666666, ""1"": 1.0, ""2"": 0.8888888888888888, ""3"": 1.0, ""4"": 1.0, ""5"": 0.9795918367346939, ""6"": 1.0, ""7"": 0.0, ""8"": 0.5454545454545454, ""9"": 0.0}","{""0"": 0.75, ""1"": 1.0, ""2"": 0.8888888888888888, ""3"": 1.0, ""4"": 1.0, ""5"": 0.96, ""6"": 1.0, ""7"": 0.0, ""8"": 0.42857142857142855, ""9"": 0.0}","{""0"": 0.6, ""1"": 1.0, ""2"": 0.8888888888888888, ""3"": 1.0, ""4"": 1.0, ""5"": 1.0, ""6"": 1.0, ""7"": 0.0, ""8"": 0.75, ""9"": 0.0}","[[6.0, 0.0, 1.0, 0.0, 0.0, 1.0, 0.0, 0.0, 2.0, 0.0], [0.0, 8.0, 0.0, 0.0, 0.0, 0.0, 0.0, 0.0, 0.0, 0.0], [1.0, 0.0, 8.0, 0.0, 0.0, 0.0, 0.0, 0.0, 0.0, 0.0], [0.0, 0.0, 0.0, 7.0, 0.0, 0.0, 0.0, 0.0, 0.0, 0.0], [0.0, 0.0, 0.0, 0.0, 25.0, 0.0, 0.0, 0.0, 0.0, 0.0], [0.0, 0.0, 0.0, 0.0, 0.0, 24.0, 0.0, 0.0, 0.0, 0.0], [0.0, 0.0, 0.0, 0.0, 0.0, 0.0, 29.0, 0.0, 0.0, 0.0], [0.0, 0.0, 0.0, 0.0, 0.0, 0.0, 0.0, 0.0, 2.0, 0.0], [1.0, 0.0, 0.0, 0.0, 0.0, 0.0, 0.0, 0.0, 3.0, 0.0], [0.0, 0.0, 0.0, 0.0, 0.0, 0.0, 0.0, 0.0, 0.0, 0.0]]","[[0.6, 0.0, 0.1, 0.0, 0.0, 0.1, 0.0, 0.0, 0.2, 0.0], [0.0, 1.0, 0.0, 0.0, 0.0, 0.0, 0.0, 0.0, 0.0, 0.0], [0.1111111111111111, 0.0, 0.8888888888888888, 0.0, 0.0, 0.0, 0.0, 0.0, 0.0, 0.0], [0.0, 0.0, 0.0, 1.0, 0.0, 0.0, 0.0, 0.0, 0.0, 0.0], [0.0, 0.0, 0.0, 0.0, 1.0, 0.0, 0.0, 0.0, 0.0, 0.0], [0.0, 0.0, 0.0, 0.0, 0.0, 1.0, 0.0, 0.0, 0.0, 0.0], [0.0, 0.0, 0.0, 0.0, 0.0, 0.0, 1.0, 0.0, 0.0, 0.0], [0.0, 0.0, 0.0, 0.0, 0.0, 0.0, 0.0, 0.0, 1.0, 0.0], [0.25, 0.0, 0.0, 0.0, 0.0, 0.0, 0.0, 0.0, 0.75, 0.0], [0.0, 0.0, 0.0, 0.0, 0.0, 0.0, 0.0, 0.0, 0.0, 0.0]]","[""BENIGN"", ""FTP-PATATOR"", ""DOS GOLDENEYE"", ""SSH-PATATOR"", ""DDOS"", ""PORTSCAN"", ""DOS HULK"", ""WEB ATTACK \ufffd XSS"", ""WEB ATTACK \ufffd BRUTE FORCE"", ""WEB ATTACK \ufffd SQL INJECTION""]",0.0,0.9880824499637079,0.9999803900718689,0.56,0.0,0.9999803900718689,,15.199260982689067,15.451123670672303,1.9661206323017,196.6120698027628,49.72891599754803,1,0.01,64,,,,,,,,,,,,False,False,,
7,20,588,10,0.17966948077082634,0.940677966101695,0.2458164468407631,0.9322033898305084,0.8121212121212121,0.7852233485986988,0.7852233485986988,0.30000000000000004,"{""0"": 0.8235294117647058, ""1"": 1.0, ""2"": 0.8888888888888888, ""3"": 0.875, ""4"": 1.0, ""5"": 0.9795918367346939, ""6"": 1.0, ""7"": 0.5, ""8"": 0.0, ""9"": 0.0}","{""0"": 1.0, ""1"": 1.0, ""2"": 0.8888888888888888, ""3"": 0.7777777777777778, ""4"": 1.0, ""5"": 0.96, ""6"": 1.0, ""7"": 0.3333333333333333, ""8"": 0.0, ""9"": 0.0}","{""0"": 0.7, ""1"": 1.0, ""2"": 0.8888888888888888, ""3"": 1.0, ""4"": 1.0, ""5"": 1.0, ""6"": 1.0, ""7"": 1.0, ""8"": 0.0, ""9"": 0.0}","[[7.0, 0.0, 1.0, 0.0, 0.0, 1.0, 0.0, 1.0, 0.0, 0.0], [0.0, 8.0, 0.0, 0.0, 0.0, 0.0, 0.0, 0.0, 0.0, 0.0], [0.0, 0.0, 8.0, 1.0, 0.0, 0.0, 0.0, 0.0, 0.0, 0.0], [0.0, 0.0, 0.0, 7.0, 0.0, 0.0, 0.0, 0.0, 0.0, 0.0], [0.0, 0.0, 0.0, 0.0, 25.0, 0.0, 0.0, 0.0, 0.0, 0.0], [0.0, 0.0, 0.0, 0.0, 0.0, 24.0, 0.0, 0.0, 0.0, 0.0], [0.0, 0.0, 0.0, 0.0, 0.0, 0.0, 29.0, 0.0, 0.0, 0.0], [0.0, 0.0, 0.0, 0.0, 0.0, 0.0, 0.0, 2.0, 0.0, 0.0], [0.0, 0.0, 0.0, 1.0, 0.0, 0.0, 0.0, 3.0, 0.0, 0.0], [0.0, 0.0, 0.0, 0.0, 0.0, 0.0, 0.0, 0.0, 0.0, 0.0]]","[[0.7, 0.0, 0.1, 0.0, 0.0, 0.1, 0.0, 0.1, 0.0, 0.0], [0.0, 1.0, 0.0, 0.0, 0.0, 0.0, 0.0, 0.0, 0.0, 0.0], [0.0, 0.0, 0.8888888888888888, 0.1111111111111111, 0.0, 0.0, 0.0, 0.0, 0.0, 0.0], [0.0, 0.0, 0.0, 1.0, 0.0, 0.0, 0.0, 0.0, 0.0, 0.0], [0.0, 0.0, 0.0, 0.0, 1.0, 0.0, 0.0, 0.0, 0.0, 0.0], [0.0, 0.0, 0.0, 0.0, 0.0, 1.0, 0.0, 0.0, 0.0, 0.0], [0.0, 0.0, 0.0, 0.0, 0.0, 0.0, 1.0, 0.0, 0.0, 0.0], [0.0, 0.0, 0.0, 0.0, 0.0, 0.0, 0.0, 1.0, 0.0, 0.0], [0.0, 0.0, 0.0, 0.25, 0.0, 0.0, 0.0, 0.75, 0.0, 0.0], [0.0, 0.0, 0.0, 0.0, 0.0, 0.0, 0.0, 0.0, 0.0, 0.0]]","[""BENIGN"", ""FTP-PATATOR"", ""DOS GOLDENEYE"", ""SSH-PATATOR"", ""DDOS"", ""PORTSCAN"", ""DOS HULK"", ""WEB ATTACK \ufffd XSS"", ""WEB ATTACK \ufffd BRUTE FORCE"", ""WEB ATTACK \ufffd SQL INJECTION""]",0.3,0.9880538666723035,0.7459226846694946,0.9863013698630136,0.3,0.7459226846694946,,15.441798207340693,15.709236146321949,1.7995607761397918,179.95608163802623,57.61816700396594,1,0.01,64,,,,,,,,,,,,False,False,,
