client_id,round,dataset_size,n_classes,loss_before,acc_before,loss_after,acc_after,macro_f1_before,macro_f1_after,macro_f1_argmax,benign_fpr_argmax,f1_per_class_after,precision_per_class,recall_per_class,confusion_matrix_counts,confusion_matrix_normalized,confusion_matrix_class_names,fpr_after,pr_auc_after,threshold_tau,f1_bin_tau,benign_fpr_bin_tau,tau_bin,seed,weight_norm_before,weight_norm_after,weight_update_norm,grad_norm_l2,t_fit_ms,epochs_completed,lr,batch_size,macro_f1_global,macro_f1_personalized,benign_fpr_global,benign_fpr_personalized,personalization_gain,dp_epsilon,dp_delta,dp_sigma,dp_clip_norm,dp_sample_rate,dp_total_steps,dp_enabled,secure_aggregation,secure_aggregation_seed,secure_aggregation_mask_checksum
5,1,1682,10,2.2625709772109985,0.17210682492581603,0.6029633084932963,0.7952522255192879,0.038149326063910347,0.42623343060740543,0.42623343060740543,0.07462686567164178,"{""0"": 0.8378378378378378, ""1"": 0.0, ""2"": 0.9090909090909091, ""3"": 0.0, ""4"": 0.7796610169491526, ""5"": 0.8064516129032258, ""6"": 0.9292929292929293, ""7"": 0.0, ""8"": 0.0, ""9"": 0.0}","{""0"": 0.7654320987654321, ""1"": 0.0, ""2"": 0.8928571428571429, ""3"": 0.0, ""4"": 0.92, ""5"": 0.684931506849315, ""6"": 0.9387755102040817, ""7"": 0.0, ""8"": 0.0, ""9"": 0.0}","{""0"": 0.9253731343283582, ""1"": 0.0, ""2"": 0.9259259259259259, ""3"": 0.0, ""4"": 0.6764705882352942, ""5"": 0.9803921568627451, ""6"": 0.92, ""7"": 0.0, ""8"": 0.0, ""9"": 0.0}","[[124.0, 0.0, 2.0, 0.0, 0.0, 5.0, 3.0, 0.0, 0.0, 0.0], [8.0, 0.0, 0.0, 0.0, 0.0, 9.0, 0.0, 0.0, 0.0, 0.0], [2.0, 0.0, 25.0, 0.0, 0.0, 0.0, 0.0, 0.0, 0.0, 0.0], [14.0, 0.0, 0.0, 0.0, 0.0, 0.0, 0.0, 0.0, 0.0, 0.0], [11.0, 0.0, 0.0, 0.0, 23.0, 0.0, 0.0, 0.0, 0.0, 0.0], [1.0, 0.0, 0.0, 0.0, 0.0, 50.0, 0.0, 0.0, 0.0, 0.0], [1.0, 0.0, 1.0, 0.0, 2.0, 0.0, 46.0, 0.0, 0.0, 0.0], [0.0, 0.0, 0.0, 0.0, 0.0, 4.0, 0.0, 0.0, 0.0, 0.0], [0.0, 0.0, 0.0, 0.0, 0.0, 5.0, 0.0, 0.0, 0.0, 0.0], [1.0, 0.0, 0.0, 0.0, 0.0, 0.0, 0.0, 0.0, 0.0, 0.0]]","[[0.9253731343283582, 0.0, 0.014925373134328358, 0.0, 0.0, 0.03731343283582089, 0.022388059701492536, 0.0, 0.0, 0.0], [0.47058823529411764, 0.0, 0.0, 0.0, 0.0, 0.5294117647058824, 0.0, 0.0, 0.0, 0.0], [0.07407407407407407, 0.0, 0.9259259259259259, 0.0, 0.0, 0.0, 0.0, 0.0, 0.0, 0.0], [1.0, 0.0, 0.0, 0.0, 0.0, 0.0, 0.0, 0.0, 0.0, 0.0], [0.3235294117647059, 0.0, 0.0, 0.0, 0.6764705882352942, 0.0, 0.0, 0.0, 0.0, 0.0], [0.0196078431372549, 0.0, 0.0, 0.0, 0.0, 0.9803921568627451, 0.0, 0.0, 0.0, 0.0], [0.02, 0.0, 0.02, 0.0, 0.04, 0.0, 0.92, 0.0, 0.0, 0.0], [0.0, 0.0, 0.0, 0.0, 0.0, 1.0, 0.0, 0.0, 0.0, 0.0], [0.0, 0.0, 0.0, 0.0, 0.0, 1.0, 0.0, 0.0, 0.0, 0.0], [1.0, 0.0, 0.0, 0.0, 0.0, 0.0, 0.0, 0.0, 0.0, 0.0]]","[""BENIGN"", ""FTP-PATATOR"", ""DOS GOLDENEYE"", ""SSH-PATATOR"", ""DDOS"", ""PORTSCAN"", ""DOS HULK"", ""WEB ATTACK \ufffd XSS"", ""WEB ATTACK \ufffd BRUTE FORCE"", ""WEB ATTACK \ufffd SQL INJECTION""]",0.1044776119402985,0.9730167146904688,0.6308025121688843,0.8871794871794871,0.1044776119402985,0.6308025121688843,,5.962155257086418,8.804498812626166,5.714460925266993,571.4461084088979,3182.4219999980414,1,0.01,64,,,,,,,,,,,,False,False,,
5,2,1682,10,0.645740826924642,0.7626112759643917,0.2983907535672188,0.9080118694362018,0.39489716288513776,0.7045212562188544,0.7045212562188544,0.14179104477611937,"{""0"": 0.9163346613545816, ""1"": 0.7727272727272727, ""2"": 0.9230769230769231, ""3"": 0.9333333333333333, ""4"": 0.9315068493150684, ""5"": 0.970873786407767, ""6"": 0.9306930693069307, ""7"": 0.0, ""8"": 0.6666666666666666, ""9"": 0.0}","{""0"": 0.9829059829059829, ""1"": 0.6296296296296297, ""2"": 0.96, ""3"": 0.875, ""4"": 0.8717948717948718, ""5"": 0.9615384615384616, ""6"": 0.9215686274509803, ""7"": 0.0, ""8"": 0.5, ""9"": 0.0}","{""0"": 0.8582089552238806, ""1"": 1.0, ""2"": 0.8888888888888888, ""3"": 1.0, ""4"": 1.0, ""5"": 0.9803921568627451, ""6"": 0.94, ""7"": 0.0, ""8"": 1.0, ""9"": 0.0}","[[115.0, 8.0, 1.0, 2.0, 2.0, 2.0, 3.0, 0.0, 1.0, 0.0], [0.0, 17.0, 0.0, 0.0, 0.0, 0.0, 0.0, 0.0, 0.0, 0.0], [0.0, 2.0, 24.0, 0.0, 0.0, 0.0, 1.0, 0.0, 0.0, 0.0], [0.0, 0.0, 0.0, 14.0, 0.0, 0.0, 0.0, 0.0, 0.0, 0.0], [0.0, 0.0, 0.0, 0.0, 34.0, 0.0, 0.0, 0.0, 0.0, 0.0], [1.0, 0.0, 0.0, 0.0, 0.0, 50.0, 0.0, 0.0, 0.0, 0.0], [0.0, 0.0, 0.0, 0.0, 3.0, 0.0, 47.0, 0.0, 0.0, 0.0], [0.0, 0.0, 0.0, 0.0, 0.0, 0.0, 0.0, 0.0, 4.0, 0.0], [0.0, 0.0, 0.0, 0.0, 0.0, 0.0, 0.0, 0.0, 5.0, 0.0], [1.0, 0.0, 0.0, 0.0, 0.0, 0.0, 0.0, 0.0, 0.0, 0.0]]","[[0.8582089552238806, 0.05970149253731343, 0.007462686567164179, 0.014925373134328358, 0.014925373134328358, 0.014925373134328358, 0.022388059701492536, 0.0, 0.007462686567164179, 0.0], [0.0, 1.0, 0.0, 0.0, 0.0, 0.0, 0.0, 0.0, 0.0, 0.0], [0.0, 0.07407407407407407, 0.8888888888888888, 0.0, 0.0, 0.0, 0.037037037037037035, 0.0, 0.0, 0.0], [0.0, 0.0, 0.0, 1.0, 0.0, 0.0, 0.0, 0.0, 0.0, 0.0], [0.0, 0.0, 0.0, 0.0, 1.0, 0.0, 0.0, 0.0, 0.0, 0.0], [0.0196078431372549, 0.0, 0.0, 0.0, 0.0, 0.9803921568627451, 0.0, 0.0, 0.0, 0.0], [0.0, 0.0, 0.0, 0.0, 0.06, 0.0, 0.94, 0.0, 0.0, 0.0], [0.0, 0.0, 0.0, 0.0, 0.0, 0.0, 0.0, 0.0, 1.0, 0.0], [0.0, 0.0, 0.0, 0.0, 0.0, 0.0, 0.0, 0.0, 1.0, 0.0], [1.0, 0.0, 0.0, 0.0, 0.0, 0.0, 0.0, 0.0, 0.0, 0.0]]","[""BENIGN"", ""FTP-PATATOR"", ""DOS GOLDENEYE"", ""SSH-PATATOR"", ""DDOS"", ""PORTSCAN"", ""DOS HULK"", ""WEB ATTACK \ufffd XSS"", ""WEB ATTACK \ufffd BRUTE FORCE"", ""WEB ATTACK \ufffd SQL INJECTION""]",0.08955223880597014,0.9849470345597322,0.779549777507782,0.925,0.08955223880597014,0.779549777507782,,8.476123409940488,10.354959409916011,3.631148280140515,363.1148241097866,164.52449999633245,1,0.01,64,,,,,,,,,,,,False,False,,
5,3,1682,10,0.26802664374311763,0.9228486646884273,0.2117870425184568,0.9406528189910979,0.7204484298121904,0.7258341737895682,0.7258341737895682,0.052238805970149294,"{""0"": 0.9548872180451128, ""1"": 0.9444444444444444, ""2"": 0.8928571428571429, ""3"": 0.9655172413793104, ""4"": 1.0, ""5"": 0.970873786407767, ""6"": 0.9583333333333334, ""7"": 0.5714285714285714, ""8"": 0.0, ""9"": 0.0}","{""0"": 0.9621212121212122, ""1"": 0.8947368421052632, ""2"": 0.8620689655172413, ""3"": 0.9333333333333333, ""4"": 1.0, ""5"": 0.9615384615384616, ""6"": 1.0, ""7"": 0.4, ""8"": 0.0, ""9"": 0.0}","{""0"": 0.9477611940298507, ""1"": 1.0, ""2"": 0.9259259259259259, ""3"": 1.0, ""4"": 1.0, ""5"": 0.9803921568627451, ""6"": 0.92, ""7"": 1.0, ""8"": 0.0, ""9"": 0.0}","[[127.0, 2.0, 1.0, 1.0, 0.0, 2.0, 0.0, 1.0, 0.0, 0.0], [0.0, 17.0, 0.0, 0.0, 0.0, 0.0, 0.0, 0.0, 0.0, 0.0], [2.0, 0.0, 25.0, 0.0, 0.0, 0.0, 0.0, 0.0, 0.0, 0.0], [0.0, 0.0, 0.0, 14.0, 0.0, 0.0, 0.0, 0.0, 0.0, 0.0], [0.0, 0.0, 0.0, 0.0, 34.0, 0.0, 0.0, 0.0, 0.0, 0.0], [1.0, 0.0, 0.0, 0.0, 0.0, 50.0, 0.0, 0.0, 0.0, 0.0], [1.0, 0.0, 3.0, 0.0, 0.0, 0.0, 46.0, 0.0, 0.0, 0.0], [0.0, 0.0, 0.0, 0.0, 0.0, 0.0, 0.0, 4.0, 0.0, 0.0], [0.0, 0.0, 0.0, 0.0, 0.0, 0.0, 0.0, 5.0, 0.0, 0.0], [1.0, 0.0, 0.0, 0.0, 0.0, 0.0, 0.0, 0.0, 0.0, 0.0]]","[[0.9477611940298507, 0.014925373134328358, 0.007462686567164179, 0.007462686567164179, 0.0, 0.014925373134328358, 0.0, 0.007462686567164179, 0.0, 0.0], [0.0, 1.0, 0.0, 0.0, 0.0, 0.0, 0.0, 0.0, 0.0, 0.0], [0.07407407407407407, 0.0, 0.9259259259259259, 0.0, 0.0, 0.0, 0.0, 0.0, 0.0, 0.0], [0.0, 0.0, 0.0, 1.0, 0.0, 0.0, 0.0, 0.0, 0.0, 0.0], [0.0, 0.0, 0.0, 0.0, 1.0, 0.0, 0.0, 0.0, 0.0, 0.0], [0.0196078431372549, 0.0, 0.0, 0.0, 0.0, 0.9803921568627451, 0.0, 0.0, 0.0, 0.0], [0.02, 0.0, 0.06, 0.0, 0.0, 0.0, 0.92, 0.0, 0.0, 0.0], [0.0, 0.0, 0.0, 0.0, 0.0, 0.0, 0.0, 1.0, 0.0, 0.0], [0.0, 0.0, 0.0, 0.0, 0.0, 0.0, 0.0, 1.0, 0.0, 0.0], [1.0, 0.0, 0.0, 0.0, 0.0, 0.0, 0.0, 0.0, 0.0, 0.0]]","[""BENIGN"", ""FTP-PATATOR"", ""DOS GOLDENEYE"", ""SSH-PATATOR"", ""DDOS"", ""PORTSCAN"", ""DOS HULK"", ""WEB ATTACK \ufffd XSS"", ""WEB ATTACK \ufffd BRUTE FORCE"", ""WEB ATTACK \ufffd SQL INJECTION""]",0.07462686567164178,0.9935107979675474,0.433022677898407,0.9710144927536232,0.07462686567164178,0.433022677898407,,10.243138136054883,11.28756405676496,2.469337426311657,246.93374712039451,134.04800000716932,1,0.01,64,,,,,,,,,,,,False,False,,
5,4,1682,10,0.18104700992504755,0.9495548961424333,0.18113001560171446,0.9436201780415431,0.7378612743489963,0.7331190472381308,0.7331190472381308,0.08955223880597019,"{""0"": 0.9494163424124513, ""1"": 0.918918918918919, ""2"": 0.9310344827586207, ""3"": 0.9333333333333333, ""4"": 0.9714285714285714, ""5"": 0.9803921568627451, ""6"": 0.98, ""7"": 0.0, ""8"": 0.6666666666666666, ""9"": 0.0}","{""0"": 0.991869918699187, ""1"": 0.85, ""2"": 0.8709677419354839, ""3"": 0.875, ""4"": 0.9444444444444444, ""5"": 0.9803921568627451, ""6"": 0.98, ""7"": 0.0, ""8"": 0.5, ""9"": 0.0}","{""0"": 0.9104477611940298, ""1"": 1.0, ""2"": 1.0, ""3"": 1.0, ""4"": 1.0, ""5"": 0.9803921568627451, ""6"": 0.98, ""7"": 0.0, ""8"": 1.0, ""9"": 0.0}","[[122.0, 3.0, 2.0, 2.0, 2.0, 1.0, 1.0, 0.0, 1.0, 0.0], [0.0, 17.0, 0.0, 0.0, 0.0, 0.0, 0.0, 0.0, 0.0, 0.0], [0.0, 0.0, 27.0, 0.0, 0.0, 0.0, 0.0, 0.0, 0.0, 0.0], [0.0, 0.0, 0.0, 14.0, 0.0, 0.0, 0.0, 0.0, 0.0, 0.0], [0.0, 0.0, 0.0, 0.0, 34.0, 0.0, 0.0, 0.0, 0.0, 0.0], [1.0, 0.0, 0.0, 0.0, 0.0, 50.0, 0.0, 0.0, 0.0, 0.0], [0.0, 0.0, 1.0, 0.0, 0.0, 0.0, 49.0, 0.0, 0.0, 0.0], [0.0, 0.0, 0.0, 0.0, 0.0, 0.0, 0.0, 0.0, 4.0, 0.0], [0.0, 0.0, 0.0, 0.0, 0.0, 0.0, 0.0, 0.0, 5.0, 0.0], [0.0, 0.0, 1.0, 0.0, 0.0, 0.0, 0.0, 0.0, 0.0, 0.0]]","[[0.9104477611940298, 0.022388059701492536, 0.014925373134328358, 0.014925373134328358, 0.014925373134328358, 0.007462686567164179, 0.007462686567164179, 0.0, 0.007462686567164179, 0.0], [0.0, 1.0, 0.0, 0.0, 0.0, 0.0, 0.0, 0.0, 0.0, 0.0], [0.0, 0.0, 1.0, 0.0, 0.0, 0.0, 0.0, 0.0, 0.0, 0.0], [0.0, 0.0, 0.0, 1.0, 0.0, 0.0, 0.0, 0.0, 0.0, 0.0], [0.0, 0.0, 0.0, 0.0, 1.0, 0.0, 0.0, 0.0, 0.0, 0.0], [0.0196078431372549, 0.0, 0.0, 0.0, 0.0, 0.9803921568627451, 0.0, 0.0, 0.0, 0.0], [0.0, 0.0, 0.02, 0.0, 0.0, 0.0, 0.98, 0.0, 0.0, 0.0], [0.0, 0.0, 0.0, 0.0, 0.0, 0.0, 0.0, 0.0, 1.0, 0.0], [0.0, 0.0, 0.0, 0.0, 0.0, 0.0, 0.0, 0.0, 1.0, 0.0], [0.0, 0.0, 1.0, 0.0, 0.0, 0.0, 0.0, 0.0, 0.0, 0.0]]","[""BENIGN"", ""FTP-PATATOR"", ""DOS GOLDENEYE"", ""SSH-PATATOR"", ""DDOS"", ""PORTSCAN"", ""DOS HULK"", ""WEB ATTACK \ufffd XSS"", ""WEB ATTACK \ufffd BRUTE FORCE"", ""WEB ATTACK \ufffd SQL INJECTION""]",0.13432835820895522,0.9856250415093031,0.16072911024093628,0.9550827423167849,0.13432835820895522,0.16072911024093628,,11.213287476728112,12.02497656615704,2.0435720513900497,204.3572079907978,269.9435840040678,1,0.01,64,,,,,,,,,,,,False,False,,
5,5,1682,10,0.1680134510000547,0.9436201780415431,0.162158931295077,0.9406528189910979,0.7269974835508817,0.7256320679683441,0.7256320679683441,0.06716417910447758,"{""0"": 0.9433962264150944, ""1"": 0.918918918918919, ""2"": 0.9433962264150944, ""3"": 0.9333333333333333, ""4"": 0.9850746268656716, ""5"": 0.970873786407767, ""6"": 0.98989898989899, ""7"": 0.5714285714285714, ""8"": 0.0, ""9"": 0.0}","{""0"": 0.9541984732824428, ""1"": 0.85, ""2"": 0.9615384615384616, ""3"": 0.875, ""4"": 1.0, ""5"": 0.9615384615384616, ""6"": 1.0, ""7"": 0.4, ""8"": 0.0, ""9"": 0.0}","{""0"": 0.9328358208955224, ""1"": 1.0, ""2"": 0.9259259259259259, ""3"": 1.0, ""4"": 0.9705882352941176, ""5"": 0.9803921568627451, ""6"": 0.98, ""7"": 1.0, ""8"": 0.0, ""9"": 0.0}","[[125.0, 3.0, 1.0, 2.0, 0.0, 2.0, 0.0, 1.0, 0.0, 0.0], [0.0, 17.0, 0.0, 0.0, 0.0, 0.0, 0.0, 0.0, 0.0, 0.0], [2.0, 0.0, 25.0, 0.0, 0.0, 0.0, 0.0, 0.0, 0.0, 0.0], [0.0, 0.0, 0.0, 14.0, 0.0, 0.0, 0.0, 0.0, 0.0, 0.0], [1.0, 0.0, 0.0, 0.0, 33.0, 0.0, 0.0, 0.0, 0.0, 0.0], [1.0, 0.0, 0.0, 0.0, 0.0, 50.0, 0.0, 0.0, 0.0, 0.0], [1.0, 0.0, 0.0, 0.0, 0.0, 0.0, 49.0, 0.0, 0.0, 0.0], [0.0, 0.0, 0.0, 0.0, 0.0, 0.0, 0.0, 4.0, 0.0, 0.0], [0.0, 0.0, 0.0, 0.0, 0.0, 0.0, 0.0, 5.0, 0.0, 0.0], [1.0, 0.0, 0.0, 0.0, 0.0, 0.0, 0.0, 0.0, 0.0, 0.0]]","[[0.9328358208955224, 0.022388059701492536, 0.007462686567164179, 0.014925373134328358, 0.0, 0.014925373134328358, 0.0, 0.007462686567164179, 0.0, 0.0], [0.0, 1.0, 0.0, 0.0, 0.0, 0.0, 0.0, 0.0, 0.0, 0.0], [0.07407407407407407, 0.0, 0.9259259259259259, 0.0, 0.0, 0.0, 0.0, 0.0, 0.0, 0.0], [0.0, 0.0, 0.0, 1.0, 0.0, 0.0, 0.0, 0.0, 0.0, 0.0], [0.029411764705882353, 0.0, 0.0, 0.0, 0.9705882352941176, 0.0, 0.0, 0.0, 0.0, 0.0], [0.0196078431372549, 0.0, 0.0, 0.0, 0.0, 0.9803921568627451, 0.0, 0.0, 0.0, 0.0], [0.02, 0.0, 0.0, 0.0, 0.0, 0.0, 0.98, 0.0, 0.0, 0.0], [0.0, 0.0, 0.0, 0.0, 0.0, 0.0, 0.0, 1.0, 0.0, 0.0], [0.0, 0.0, 0.0, 0.0, 0.0, 0.0, 0.0, 1.0, 0.0, 0.0], [1.0, 0.0, 0.0, 0.0, 0.0, 0.0, 0.0, 0.0, 0.0, 0.0]]","[""BENIGN"", ""FTP-PATATOR"", ""DOS GOLDENEYE"", ""SSH-PATATOR"", ""DDOS"", ""PORTSCAN"", ""DOS HULK"", ""WEB ATTACK \ufffd XSS"", ""WEB ATTACK \ufffd BRUTE FORCE"", ""WEB ATTACK \ufffd SQL INJECTION""]",0.06716417910447761,0.9909317971084627,0.4127647280693054,0.9758454106280193,0.06716417910447761,0.4127647280693054,,11.8420094900849,12.40224967079825,1.904839815843356,190.4839902393134,117.05179199634586,1,0.01,64,,,,,,,,,,,,False,False,,
5,6,1682,10,0.15980838611721992,0.9406528189910979,0.15823748459418616,0.9525222551928784,0.7269827761443225,0.740709320013383,0.740709320013383,0.05970149253731338,"{""0"": 0.9581749049429658, ""1"": 0.9444444444444444, ""2"": 0.9642857142857143, ""3"": 0.9333333333333333, ""4"": 0.9696969696969697, ""5"": 0.9803921568627451, ""6"": 0.9900990099009901, ""7"": 0.0, ""8"": 0.6666666666666666, ""9"": 0.0}","{""0"": 0.9767441860465116, ""1"": 0.8947368421052632, ""2"": 0.9310344827586207, ""3"": 0.875, ""4"": 1.0, ""5"": 0.9803921568627451, ""6"": 0.9803921568627451, ""7"": 0.0, ""8"": 0.5, ""9"": 0.0}","{""0"": 0.9402985074626866, ""1"": 1.0, ""2"": 1.0, ""3"": 1.0, ""4"": 0.9411764705882353, ""5"": 0.9803921568627451, ""6"": 1.0, ""7"": 0.0, ""8"": 1.0, ""9"": 0.0}","[[126.0, 2.0, 1.0, 2.0, 0.0, 1.0, 1.0, 0.0, 1.0, 0.0], [0.0, 17.0, 0.0, 0.0, 0.0, 0.0, 0.0, 0.0, 0.0, 0.0], [0.0, 0.0, 27.0, 0.0, 0.0, 0.0, 0.0, 0.0, 0.0, 0.0], [0.0, 0.0, 0.0, 14.0, 0.0, 0.0, 0.0, 0.0, 0.0, 0.0], [2.0, 0.0, 0.0, 0.0, 32.0, 0.0, 0.0, 0.0, 0.0, 0.0], [1.0, 0.0, 0.0, 0.0, 0.0, 50.0, 0.0, 0.0, 0.0, 0.0], [0.0, 0.0, 0.0, 0.0, 0.0, 0.0, 50.0, 0.0, 0.0, 0.0], [0.0, 0.0, 0.0, 0.0, 0.0, 0.0, 0.0, 0.0, 4.0, 0.0], [0.0, 0.0, 0.0, 0.0, 0.0, 0.0, 0.0, 0.0, 5.0, 0.0], [0.0, 0.0, 1.0, 0.0, 0.0, 0.0, 0.0, 0.0, 0.0, 0.0]]","[[0.9402985074626866, 0.014925373134328358, 0.007462686567164179, 0.014925373134328358, 0.0, 0.007462686567164179, 0.007462686567164179, 0.0, 0.007462686567164179, 0.0], [0.0, 1.0, 0.0, 0.0, 0.0, 0.0, 0.0, 0.0, 0.0, 0.0], [0.0, 0.0, 1.0, 0.0, 0.0, 0.0, 0.0, 0.0, 0.0, 0.0], [0.0, 0.0, 0.0, 1.0, 0.0, 0.0, 0.0, 0.0, 0.0, 0.0], [0.058823529411764705, 0.0, 0.0, 0.0, 0.9411764705882353, 0.0, 0.0, 0.0, 0.0, 0.0], [0.0196078431372549, 0.0, 0.0, 0.0, 0.0, 0.9803921568627451, 0.0, 0.0, 0.0, 0.0], [0.0, 0.0, 0.0, 0.0, 0.0, 0.0, 1.0, 0.0, 0.0, 0.0], [0.0, 0.0, 0.0, 0.0, 0.0, 0.0, 0.0, 0.0, 1.0, 0.0], [0.0, 0.0, 0.0, 0.0, 0.0, 0.0, 0.0, 0.0, 1.0, 0.0], [0.0, 0.0, 1.0, 0.0, 0.0, 0.0, 0.0, 0.0, 0.0, 0.0]]","[""BENIGN"", ""FTP-PATATOR"", ""DOS GOLDENEYE"", ""SSH-PATATOR"", ""DDOS"", ""PORTSCAN"", ""DOS HULK"", ""WEB ATTACK \ufffd XSS"", ""WEB ATTACK \ufffd BRUTE FORCE"", ""WEB ATTACK \ufffd SQL INJECTION""]",0.08955223880597014,0.9917097987824255,0.37222009897232056,0.9663461538461539,0.08955223880597014,0.37222009897232056,,12.41794119811144,12.877702218798749,1.8616484640191864,186.1648488680282,255.32891700277105,1,0.01,64,,,,,,,,,,,,False,False,,
5,7,1682,10,0.1493552296111981,0.9465875370919882,0.19387859975298247,0.9376854599406528,0.7283374648251868,0.7327242789603657,0.7327242789603657,0.05970149253731338,"{""0"": 0.9402985074626866, ""1"": 0.9444444444444444, ""2"": 0.9642857142857143, ""3"": 0.9655172413793104, ""4"": 0.8852459016393442, ""5"": 0.9803921568627451, ""6"": 0.9803921568627451, ""7"": 0.0, ""8"": 0.6666666666666666, ""9"": 0.0}","{""0"": 0.9402985074626866, ""1"": 0.8947368421052632, ""2"": 0.9310344827586207, ""3"": 0.9333333333333333, ""4"": 1.0, ""5"": 0.9803921568627451, ""6"": 0.9615384615384616, ""7"": 0.0, ""8"": 0.5, ""9"": 0.0}","{""0"": 0.9402985074626866, ""1"": 1.0, ""2"": 1.0, ""3"": 1.0, ""4"": 0.7941176470588235, ""5"": 0.9803921568627451, ""6"": 1.0, ""7"": 0.0, ""8"": 1.0, ""9"": 0.0}","[[126.0, 2.0, 1.0, 1.0, 0.0, 1.0, 2.0, 0.0, 1.0, 0.0], [0.0, 17.0, 0.0, 0.0, 0.0, 0.0, 0.0, 0.0, 0.0, 0.0], [0.0, 0.0, 27.0, 0.0, 0.0, 0.0, 0.0, 0.0, 0.0, 0.0], [0.0, 0.0, 0.0, 14.0, 0.0, 0.0, 0.0, 0.0, 0.0, 0.0], [7.0, 0.0, 0.0, 0.0, 27.0, 0.0, 0.0, 0.0, 0.0, 0.0], [1.0, 0.0, 0.0, 0.0, 0.0, 50.0, 0.0, 0.0, 0.0, 0.0], [0.0, 0.0, 0.0, 0.0, 0.0, 0.0, 50.0, 0.0, 0.0, 0.0], [0.0, 0.0, 0.0, 0.0, 0.0, 0.0, 0.0, 0.0, 4.0, 0.0], [0.0, 0.0, 0.0, 0.0, 0.0, 0.0, 0.0, 0.0, 5.0, 0.0], [0.0, 0.0, 1.0, 0.0, 0.0, 0.0, 0.0, 0.0, 0.0, 0.0]]","[[0.9402985074626866, 0.014925373134328358, 0.007462686567164179, 0.007462686567164179, 0.0, 0.007462686567164179, 0.014925373134328358, 0.0, 0.007462686567164179, 0.0], [0.0, 1.0, 0.0, 0.0, 0.0, 0.0, 0.0, 0.0, 0.0, 0.0], [0.0, 0.0, 1.0, 0.0, 0.0, 0.0, 0.0, 0.0, 0.0, 0.0], [0.0, 0.0, 0.0, 1.0, 0.0, 0.0, 0.0, 0.0, 0.0, 0.0], [0.20588235294117646, 0.0, 0.0, 0.0, 0.7941176470588235, 0.0, 0.0, 0.0, 0.0, 0.0], [0.0196078431372549, 0.0, 0.0, 0.0, 0.0, 0.9803921568627451, 0.0, 0.0, 0.0, 0.0], [0.0, 0.0, 0.0, 0.0, 0.0, 0.0, 1.0, 0.0, 0.0, 0.0], [0.0, 0.0, 0.0, 0.0, 0.0, 0.0, 0.0, 0.0, 1.0, 0.0], [0.0, 0.0, 0.0, 0.0, 0.0, 0.0, 0.0, 0.0, 1.0, 0.0], [0.0, 0.0, 1.0, 0.0, 0.0, 0.0, 0.0, 0.0, 0.0, 0.0]]","[""BENIGN"", ""FTP-PATATOR"", ""DOS GOLDENEYE"", ""SSH-PATATOR"", ""DDOS"", ""PORTSCAN"", ""DOS HULK"", ""WEB ATTACK \ufffd XSS"", ""WEB ATTACK \ufffd BRUTE FORCE"", ""WEB ATTACK \ufffd SQL INJECTION""]",0.14925373134328357,0.9866294546248973,0.02120727300643921,0.9530516431924883,0.14925373134328357,0.02120727300643921,,12.892216294644491,13.37024517470342,1.9942707934427935,199.42708798841298,126.79529099841602,1,0.01,64,,,,,,,,,,,,False,False,,
5,8,1682,10,0.1418911206225554,0.9525222551928784,0.1741199760387341,0.9465875370919882,0.742868690082154,0.7331624363274063,0.7331624363274063,0.07462686567164178,"{""0"": 0.9501915708812261, ""1"": 0.918918918918919, ""2"": 0.9433962264150944, ""3"": 0.9333333333333333, ""4"": 1.0, ""5"": 0.9803921568627451, ""6"": 0.9803921568627451, ""7"": 0.0, ""8"": 0.625, ""9"": 0.0}","{""0"": 0.9763779527559056, ""1"": 0.85, ""2"": 0.9615384615384616, ""3"": 0.875, ""4"": 1.0, ""5"": 0.9803921568627451, ""6"": 0.9615384615384616, ""7"": 0.0, ""8"": 0.45454545454545453, ""9"": 0.0}","{""0"": 0.9253731343283582, ""1"": 1.0, ""2"": 0.9259259259259259, ""3"": 1.0, ""4"": 1.0, ""5"": 0.9803921568627451, ""6"": 1.0, ""7"": 0.0, ""8"": 1.0, ""9"": 0.0}","[[124.0, 3.0, 1.0, 2.0, 0.0, 1.0, 2.0, 0.0, 1.0, 0.0], [0.0, 17.0, 0.0, 0.0, 0.0, 0.0, 0.0, 0.0, 0.0, 0.0], [1.0, 0.0, 25.0, 0.0, 0.0, 0.0, 0.0, 0.0, 1.0, 0.0], [0.0, 0.0, 0.0, 14.0, 0.0, 0.0, 0.0, 0.0, 0.0, 0.0], [0.0, 0.0, 0.0, 0.0, 34.0, 0.0, 0.0, 0.0, 0.0, 0.0], [1.0, 0.0, 0.0, 0.0, 0.0, 50.0, 0.0, 0.0, 0.0, 0.0], [0.0, 0.0, 0.0, 0.0, 0.0, 0.0, 50.0, 0.0, 0.0, 0.0], [0.0, 0.0, 0.0, 0.0, 0.0, 0.0, 0.0, 0.0, 4.0, 0.0], [0.0, 0.0, 0.0, 0.0, 0.0, 0.0, 0.0, 0.0, 5.0, 0.0], [1.0, 0.0, 0.0, 0.0, 0.0, 0.0, 0.0, 0.0, 0.0, 0.0]]","[[0.9253731343283582, 0.022388059701492536, 0.007462686567164179, 0.014925373134328358, 0.0, 0.007462686567164179, 0.014925373134328358, 0.0, 0.007462686567164179, 0.0], [0.0, 1.0, 0.0, 0.0, 0.0, 0.0, 0.0, 0.0, 0.0, 0.0], [0.037037037037037035, 0.0, 0.9259259259259259, 0.0, 0.0, 0.0, 0.0, 0.0, 0.037037037037037035, 0.0], [0.0, 0.0, 0.0, 1.0, 0.0, 0.0, 0.0, 0.0, 0.0, 0.0], [0.0, 0.0, 0.0, 0.0, 1.0, 0.0, 0.0, 0.0, 0.0, 0.0], [0.0196078431372549, 0.0, 0.0, 0.0, 0.0, 0.9803921568627451, 0.0, 0.0, 0.0, 0.0], [0.0, 0.0, 0.0, 0.0, 0.0, 0.0, 1.0, 0.0, 0.0, 0.0], [0.0, 0.0, 0.0, 0.0, 0.0, 0.0, 0.0, 0.0, 1.0, 0.0], [0.0, 0.0, 0.0, 0.0, 0.0, 0.0, 0.0, 0.0, 1.0, 0.0], [1.0, 0.0, 0.0, 0.0, 0.0, 0.0, 0.0, 0.0, 0.0, 0.0]]","[""BENIGN"", ""FTP-PATATOR"", ""DOS GOLDENEYE"", ""SSH-PATATOR"", ""DDOS"", ""PORTSCAN"", ""DOS HULK"", ""WEB ATTACK \ufffd XSS"", ""WEB ATTACK \ufffd BRUTE FORCE"", ""WEB ATTACK \ufffd SQL INJECTION""]",0.05970149253731343,0.983761441860743,0.7443879246711731,0.9707317073170731,0.05970149253731343,0.7443879246711731,,13.356352310208303,13.950070815820984,2.0637836701667793,206.3783703534005,148.65358399401885,1,0.01,64,,,,,,,,,,,,False,False,,
5,9,1682,10,0.15333924566706023,0.9495548961424333,0.1486653151611487,0.9495548961424333,0.7392463788736358,0.7331270427481402,0.7331270427481402,0.06716417910447758,"{""0"": 0.9541984732824428, ""1"": 0.9444444444444444, ""2"": 0.9818181818181818, ""3"": 0.9333333333333333, ""4"": 0.9850746268656716, ""5"": 0.970873786407767, ""6"": 0.9900990099009901, ""7"": 0.5714285714285714, ""8"": 0.0, ""9"": 0.0}","{""0"": 0.9765625, ""1"": 0.8947368421052632, ""2"": 0.9642857142857143, ""3"": 0.875, ""4"": 1.0, ""5"": 0.9615384615384616, ""6"": 0.9803921568627451, ""7"": 0.4, ""8"": 0.0, ""9"": 0.0}","{""0"": 0.9328358208955224, ""1"": 1.0, ""2"": 1.0, ""3"": 1.0, ""4"": 0.9705882352941176, ""5"": 0.9803921568627451, ""6"": 1.0, ""7"": 1.0, ""8"": 0.0, ""9"": 0.0}","[[125.0, 2.0, 1.0, 2.0, 0.0, 2.0, 1.0, 1.0, 0.0, 0.0], [0.0, 17.0, 0.0, 0.0, 0.0, 0.0, 0.0, 0.0, 0.0, 0.0], [0.0, 0.0, 27.0, 0.0, 0.0, 0.0, 0.0, 0.0, 0.0, 0.0], [0.0, 0.0, 0.0, 14.0, 0.0, 0.0, 0.0, 0.0, 0.0, 0.0], [1.0, 0.0, 0.0, 0.0, 33.0, 0.0, 0.0, 0.0, 0.0, 0.0], [1.0, 0.0, 0.0, 0.0, 0.0, 50.0, 0.0, 0.0, 0.0, 0.0], [0.0, 0.0, 0.0, 0.0, 0.0, 0.0, 50.0, 0.0, 0.0, 0.0], [0.0, 0.0, 0.0, 0.0, 0.0, 0.0, 0.0, 4.0, 0.0, 0.0], [0.0, 0.0, 0.0, 0.0, 0.0, 0.0, 0.0, 5.0, 0.0, 0.0], [1.0, 0.0, 0.0, 0.0, 0.0, 0.0, 0.0, 0.0, 0.0, 0.0]]","[[0.9328358208955224, 0.014925373134328358, 0.007462686567164179, 0.014925373134328358, 0.0, 0.014925373134328358, 0.007462686567164179, 0.007462686567164179, 0.0, 0.0], [0.0, 1.0, 0.0, 0.0, 0.0, 0.0, 0.0, 0.0, 0.0, 0.0], [0.0, 0.0, 1.0, 0.0, 0.0, 0.0, 0.0, 0.0, 0.0, 0.0], [0.0, 0.0, 0.0, 1.0, 0.0, 0.0, 0.0, 0.0, 0.0, 0.0], [0.029411764705882353, 0.0, 0.0, 0.0, 0.9705882352941176, 0.0, 0.0, 0.0, 0.0, 0.0], [0.0196078431372549, 0.0, 0.0, 0.0, 0.0, 0.9803921568627451, 0.0, 0.0, 0.0, 0.0], [0.0, 0.0, 0.0, 0.0, 0.0, 0.0, 1.0, 0.0, 0.0, 0.0], [0.0, 0.0, 0.0, 0.0, 0.0, 0.0, 0.0, 1.0, 0.0, 0.0], [0.0, 0.0, 0.0, 0.0, 0.0, 0.0, 0.0, 1.0, 0.0, 0.0], [1.0, 0.0, 0.0, 0.0, 0.0, 0.0, 0.0, 0.0, 0.0, 0.0]]","[""BENIGN"", ""FTP-PATATOR"", ""DOS GOLDENEYE"", ""SSH-PATATOR"", ""DDOS"", ""PORTSCAN"", ""DOS HULK"", ""WEB ATTACK \ufffd XSS"", ""WEB ATTACK \ufffd BRUTE FORCE"", ""WEB ATTACK \ufffd SQL INJECTION""]",0.08955223880597014,0.9905485556452862,0.22063887119293213,0.9688249400479616,0.08955223880597014,0.22063887119293213,,13.765823178807837,14.261230278060848,1.9906655226895398,199.06655639156517,270.8975410059793,1,0.01,64,,,,,,,,,,,,False,False,,
5,10,1682,10,0.13524719513952732,0.9554896142433235,0.17389781276384988,0.9198813056379822,0.7426267033409167,0.6958088249644387,0.6958088249644387,0.052238805970149294,"{""0"": 0.9169675090252708, ""1"": 0.918918918918919, ""2"": 0.9818181818181818, ""3"": 0.6, ""4"": 0.9032258064516129, ""5"": 0.9803921568627451, ""6"": 0.9900990099009901, ""7"": 0.0, ""8"": 0.6666666666666666, ""9"": 0.0}","{""0"": 0.8881118881118881, ""1"": 0.85, ""2"": 0.9642857142857143, ""3"": 1.0, ""4"": 1.0, ""5"": 0.9803921568627451, ""6"": 0.9803921568627451, ""7"": 0.0, ""8"": 0.5, ""9"": 0.0}","{""0"": 0.9477611940298507, ""1"": 1.0, ""2"": 1.0, ""3"": 0.42857142857142855, ""4"": 0.8235294117647058, ""5"": 0.9803921568627451, ""6"": 1.0, ""7"": 0.0, ""8"": 1.0, ""9"": 0.0}","[[127.0, 3.0, 1.0, 0.0, 0.0, 1.0, 1.0, 0.0, 1.0, 0.0], [0.0, 17.0, 0.0, 0.0, 0.0, 0.0, 0.0, 0.0, 0.0, 0.0], [0.0, 0.0, 27.0, 0.0, 0.0, 0.0, 0.0, 0.0, 0.0, 0.0], [8.0, 0.0, 0.0, 6.0, 0.0, 0.0, 0.0, 0.0, 0.0, 0.0], [6.0, 0.0, 0.0, 0.0, 28.0, 0.0, 0.0, 0.0, 0.0, 0.0], [1.0, 0.0, 0.0, 0.0, 0.0, 50.0, 0.0, 0.0, 0.0, 0.0], [0.0, 0.0, 0.0, 0.0, 0.0, 0.0, 50.0, 0.0, 0.0, 0.0], [0.0, 0.0, 0.0, 0.0, 0.0, 0.0, 0.0, 0.0, 4.0, 0.0], [0.0, 0.0, 0.0, 0.0, 0.0, 0.0, 0.0, 0.0, 5.0, 0.0], [1.0, 0.0, 0.0, 0.0, 0.0, 0.0, 0.0, 0.0, 0.0, 0.0]]","[[0.9477611940298507, 0.022388059701492536, 0.007462686567164179, 0.0, 0.0, 0.007462686567164179, 0.007462686567164179, 0.0, 0.007462686567164179, 0.0], [0.0, 1.0, 0.0, 0.0, 0.0, 0.0, 0.0, 0.0, 0.0, 0.0], [0.0, 0.0, 1.0, 0.0, 0.0, 0.0, 0.0, 0.0, 0.0, 0.0], [0.5714285714285714, 0.0, 0.0, 0.42857142857142855, 0.0, 0.0, 0.0, 0.0, 0.0, 0.0], [0.17647058823529413, 0.0, 0.0, 0.0, 0.8235294117647058, 0.0, 0.0, 0.0, 0.0, 0.0], [0.0196078431372549, 0.0, 0.0, 0.0, 0.0, 0.9803921568627451, 0.0, 0.0, 0.0, 0.0], [0.0, 0.0, 0.0, 0.0, 0.0, 0.0, 1.0, 0.0, 0.0, 0.0], [0.0, 0.0, 0.0, 0.0, 0.0, 0.0, 0.0, 0.0, 1.0, 0.0], [0.0, 0.0, 0.0, 0.0, 0.0, 0.0, 0.0, 0.0, 1.0, 0.0], [1.0, 0.0, 0.0, 0.0, 0.0, 0.0, 0.0, 0.0, 0.0, 0.0]]","[""BENIGN"", ""FTP-PATATOR"", ""DOS GOLDENEYE"", ""SSH-PATATOR"", ""DDOS"", ""PORTSCAN"", ""DOS HULK"", ""WEB ATTACK \ufffd XSS"", ""WEB ATTACK \ufffd BRUTE FORCE"", ""WEB ATTACK \ufffd SQL INJECTION""]",0.14925373134328357,0.9918171258161206,0.019415318965911865,0.9530516431924883,0.14925373134328357,0.019415318965911865,,14.161127637495634,14.551826395992286,2.035710545304649,203.57106175745756,263.3625410089735,1,0.01,64,,,,,,,,,,,,False,False,,
5,11,1682,10,0.11591171535352866,0.9614243323442137,0.14622893060247102,0.9525222551928784,0.7494717168752947,0.7346156533003066,0.7346156533003066,0.05970149253731338,"{""0"": 0.9618320610687023, ""1"": 0.9444444444444444, ""2"": 0.9473684210526315, ""3"": 0.9655172413793104, ""4"": 0.9850746268656716, ""5"": 0.9803921568627451, ""6"": 0.9900990099009901, ""7"": 0.5714285714285714, ""8"": 0.0, ""9"": 0.0}","{""0"": 0.984375, ""1"": 0.8947368421052632, ""2"": 0.9, ""3"": 0.9333333333333333, ""4"": 1.0, ""5"": 0.9803921568627451, ""6"": 0.9803921568627451, ""7"": 0.4, ""8"": 0.0, ""9"": 0.0}","{""0"": 0.9402985074626866, ""1"": 1.0, ""2"": 1.0, ""3"": 1.0, ""4"": 0.9705882352941176, ""5"": 0.9803921568627451, ""6"": 1.0, ""7"": 1.0, ""8"": 0.0, ""9"": 0.0}","[[126.0, 2.0, 2.0, 1.0, 0.0, 1.0, 1.0, 1.0, 0.0, 0.0], [0.0, 17.0, 0.0, 0.0, 0.0, 0.0, 0.0, 0.0, 0.0, 0.0], [0.0, 0.0, 27.0, 0.0, 0.0, 0.0, 0.0, 0.0, 0.0, 0.0], [0.0, 0.0, 0.0, 14.0, 0.0, 0.0, 0.0, 0.0, 0.0, 0.0], [1.0, 0.0, 0.0, 0.0, 33.0, 0.0, 0.0, 0.0, 0.0, 0.0], [1.0, 0.0, 0.0, 0.0, 0.0, 50.0, 0.0, 0.0, 0.0, 0.0], [0.0, 0.0, 0.0, 0.0, 0.0, 0.0, 50.0, 0.0, 0.0, 0.0], [0.0, 0.0, 0.0, 0.0, 0.0, 0.0, 0.0, 4.0, 0.0, 0.0], [0.0, 0.0, 0.0, 0.0, 0.0, 0.0, 0.0, 5.0, 0.0, 0.0], [0.0, 0.0, 1.0, 0.0, 0.0, 0.0, 0.0, 0.0, 0.0, 0.0]]","[[0.9402985074626866, 0.014925373134328358, 0.014925373134328358, 0.007462686567164179, 0.0, 0.007462686567164179, 0.007462686567164179, 0.007462686567164179, 0.0, 0.0], [0.0, 1.0, 0.0, 0.0, 0.0, 0.0, 0.0, 0.0, 0.0, 0.0], [0.0, 0.0, 1.0, 0.0, 0.0, 0.0, 0.0, 0.0, 0.0, 0.0], [0.0, 0.0, 0.0, 1.0, 0.0, 0.0, 0.0, 0.0, 0.0, 0.0], [0.029411764705882353, 0.0, 0.0, 0.0, 0.9705882352941176, 0.0, 0.0, 0.0, 0.0, 0.0], [0.0196078431372549, 0.0, 0.0, 0.0, 0.0, 0.9803921568627451, 0.0, 0.0, 0.0, 0.0], [0.0, 0.0, 0.0, 0.0, 0.0, 0.0, 1.0, 0.0, 0.0, 0.0], [0.0, 0.0, 0.0, 0.0, 0.0, 0.0, 0.0, 1.0, 0.0, 0.0], [0.0, 0.0, 0.0, 0.0, 0.0, 0.0, 0.0, 1.0, 0.0, 0.0], [0.0, 0.0, 1.0, 0.0, 0.0, 0.0, 0.0, 0.0, 0.0, 0.0]]","[""BENIGN"", ""FTP-PATATOR"", ""DOS GOLDENEYE"", ""SSH-PATATOR"", ""DDOS"", ""PORTSCAN"", ""DOS HULK"", ""WEB ATTACK \ufffd XSS"", ""WEB ATTACK \ufffd BRUTE FORCE"", ""WEB ATTACK \ufffd SQL INJECTION""]",0.13432835820895522,0.9945887289817564,0.053720295429229736,0.9575471698113207,0.13432835820895522,0.053720295429229736,,14.538804644368895,14.951804199900234,1.8681568457438638,186.81568235696787,268.7897080031689,1,0.01,64,,,,,,,,,,,,False,False,,
5,12,1682,10,0.13617383999129137,0.9495548961424333,0.1149874608963728,0.9525222551928784,0.7312940759213328,0.7330889918190172,0.7330889918190172,0.05970149253731338,"{""0"": 0.9618320610687023, ""1"": 0.9444444444444444, ""2"": 0.9642857142857143, ""3"": 0.9333333333333333, ""4"": 0.9850746268656716, ""5"": 0.9803921568627451, ""6"": 0.9900990099009901, ""7"": 0.5714285714285714, ""8"": 0.0, ""9"": 0.0}","{""0"": 0.984375, ""1"": 0.8947368421052632, ""2"": 0.9310344827586207, ""3"": 0.875, ""4"": 1.0, ""5"": 0.9803921568627451, ""6"": 0.9803921568627451, ""7"": 0.4, ""8"": 0.0, ""9"": 0.0}","{""0"": 0.9402985074626866, ""1"": 1.0, ""2"": 1.0, ""3"": 1.0, ""4"": 0.9705882352941176, ""5"": 0.9803921568627451, ""6"": 1.0, ""7"": 1.0, ""8"": 0.0, ""9"": 0.0}","[[126.0, 2.0, 1.0, 2.0, 0.0, 1.0, 1.0, 1.0, 0.0, 0.0], [0.0, 17.0, 0.0, 0.0, 0.0, 0.0, 0.0, 0.0, 0.0, 0.0], [0.0, 0.0, 27.0, 0.0, 0.0, 0.0, 0.0, 0.0, 0.0, 0.0], [0.0, 0.0, 0.0, 14.0, 0.0, 0.0, 0.0, 0.0, 0.0, 0.0], [1.0, 0.0, 0.0, 0.0, 33.0, 0.0, 0.0, 0.0, 0.0, 0.0], [1.0, 0.0, 0.0, 0.0, 0.0, 50.0, 0.0, 0.0, 0.0, 0.0], [0.0, 0.0, 0.0, 0.0, 0.0, 0.0, 50.0, 0.0, 0.0, 0.0], [0.0, 0.0, 0.0, 0.0, 0.0, 0.0, 0.0, 4.0, 0.0, 0.0], [0.0, 0.0, 0.0, 0.0, 0.0, 0.0, 0.0, 5.0, 0.0, 0.0], [0.0, 0.0, 1.0, 0.0, 0.0, 0.0, 0.0, 0.0, 0.0, 0.0]]","[[0.9402985074626866, 0.014925373134328358, 0.007462686567164179, 0.014925373134328358, 0.0, 0.007462686567164179, 0.007462686567164179, 0.007462686567164179, 0.0, 0.0], [0.0, 1.0, 0.0, 0.0, 0.0, 0.0, 0.0, 0.0, 0.0, 0.0], [0.0, 0.0, 1.0, 0.0, 0.0, 0.0, 0.0, 0.0, 0.0, 0.0], [0.0, 0.0, 0.0, 1.0, 0.0, 0.0, 0.0, 0.0, 0.0, 0.0], [0.029411764705882353, 0.0, 0.0, 0.0, 0.9705882352941176, 0.0, 0.0, 0.0, 0.0, 0.0], [0.0196078431372549, 0.0, 0.0, 0.0, 0.0, 0.9803921568627451, 0.0, 0.0, 0.0, 0.0], [0.0, 0.0, 0.0, 0.0, 0.0, 0.0, 1.0, 0.0, 0.0, 0.0], [0.0, 0.0, 0.0, 0.0, 0.0, 0.0, 0.0, 1.0, 0.0, 0.0], [0.0, 0.0, 0.0, 0.0, 0.0, 0.0, 0.0, 1.0, 0.0, 0.0], [0.0, 0.0, 1.0, 0.0, 0.0, 0.0, 0.0, 0.0, 0.0, 0.0]]","[""BENIGN"", ""FTP-PATATOR"", ""DOS GOLDENEYE"", ""SSH-PATATOR"", ""DDOS"", ""PORTSCAN"", ""DOS HULK"", ""WEB ATTACK \ufffd XSS"", ""WEB ATTACK \ufffd BRUTE FORCE"", ""WEB ATTACK \ufffd SQL INJECTION""]",0.05223880597014925,0.9957601241968086,0.7120487093925476,0.9781021897810219,0.05223880597014925,0.7120487093925476,,14.907232612036369,15.26795370238507,1.8210148891330635,182.10148393381428,254.80037501256447,1,0.01,64,,,,,,,,,,,,False,False,,
5,13,1682,10,0.12359360108772914,0.9554896142433235,0.14558182656764984,0.9584569732937686,0.7426267033409167,0.7436745508880146,0.7436745508880146,0.05970149253731338,"{""0"": 0.9655172413793104, ""1"": 0.918918918918919, ""2"": 0.9818181818181818, ""3"": 0.9333333333333333, ""4"": 1.0, ""5"": 0.9803921568627451, ""6"": 0.9900990099009901, ""7"": 0.0, ""8"": 0.6666666666666666, ""9"": 0.0}","{""0"": 0.9921259842519685, ""1"": 0.85, ""2"": 0.9642857142857143, ""3"": 0.875, ""4"": 1.0, ""5"": 0.9803921568627451, ""6"": 0.9803921568627451, ""7"": 0.0, ""8"": 0.5, ""9"": 0.0}","{""0"": 0.9402985074626866, ""1"": 1.0, ""2"": 1.0, ""3"": 1.0, ""4"": 1.0, ""5"": 0.9803921568627451, ""6"": 1.0, ""7"": 0.0, ""8"": 1.0, ""9"": 0.0}","[[126.0, 3.0, 0.0, 2.0, 0.0, 1.0, 1.0, 0.0, 1.0, 0.0], [0.0, 17.0, 0.0, 0.0, 0.0, 0.0, 0.0, 0.0, 0.0, 0.0], [0.0, 0.0, 27.0, 0.0, 0.0, 0.0, 0.0, 0.0, 0.0, 0.0], [0.0, 0.0, 0.0, 14.0, 0.0, 0.0, 0.0, 0.0, 0.0, 0.0], [0.0, 0.0, 0.0, 0.0, 34.0, 0.0, 0.0, 0.0, 0.0, 0.0], [1.0, 0.0, 0.0, 0.0, 0.0, 50.0, 0.0, 0.0, 0.0, 0.0], [0.0, 0.0, 0.0, 0.0, 0.0, 0.0, 50.0, 0.0, 0.0, 0.0], [0.0, 0.0, 0.0, 0.0, 0.0, 0.0, 0.0, 0.0, 4.0, 0.0], [0.0, 0.0, 0.0, 0.0, 0.0, 0.0, 0.0, 0.0, 5.0, 0.0], [0.0, 0.0, 1.0, 0.0, 0.0, 0.0, 0.0, 0.0, 0.0, 0.0]]","[[0.9402985074626866, 0.022388059701492536, 0.0, 0.014925373134328358, 0.0, 0.007462686567164179, 0.007462686567164179, 0.0, 0.007462686567164179, 0.0], [0.0, 1.0, 0.0, 0.0, 0.0, 0.0, 0.0, 0.0, 0.0, 0.0], [0.0, 0.0, 1.0, 0.0, 0.0, 0.0, 0.0, 0.0, 0.0, 0.0], [0.0, 0.0, 0.0, 1.0, 0.0, 0.0, 0.0, 0.0, 0.0, 0.0], [0.0, 0.0, 0.0, 0.0, 1.0, 0.0, 0.0, 0.0, 0.0, 0.0], [0.0196078431372549, 0.0, 0.0, 0.0, 0.0, 0.9803921568627451, 0.0, 0.0, 0.0, 0.0], [0.0, 0.0, 0.0, 0.0, 0.0, 0.0, 1.0, 0.0, 0.0, 0.0], [0.0, 0.0, 0.0, 0.0, 0.0, 0.0, 0.0, 0.0, 1.0, 0.0], [0.0, 0.0, 0.0, 0.0, 0.0, 0.0, 0.0, 0.0, 1.0, 0.0], [0.0, 0.0, 1.0, 0.0, 0.0, 0.0, 0.0, 0.0, 0.0, 0.0]]","[""BENIGN"", ""FTP-PATATOR"", ""DOS GOLDENEYE"", ""SSH-PATATOR"", ""DDOS"", ""PORTSCAN"", ""DOS HULK"", ""WEB ATTACK \ufffd XSS"", ""WEB ATTACK \ufffd BRUTE FORCE"", ""WEB ATTACK \ufffd SQL INJECTION""]",0.11194029850746269,0.9836145905042293,0.041614413261413574,0.9643705463182898,0.11194029850746269,0.041614413261413574,,15.253955625095145,15.630774334141504,2.0125005406621836,201.25005781753373,250.16599999798927,1,0.01,64,,,,,,,,,,,,False,False,,
5,14,1682,10,0.10679582009712855,0.9584569732937686,0.11575410390893619,0.9554896142433235,0.7444738566873205,0.7352369792334545,0.7352369792334545,0.052238805970149294,"{""0"": 0.9657794676806084, ""1"": 0.9444444444444444, ""2"": 0.9818181818181818, ""3"": 0.9333333333333333, ""4"": 0.9850746268656716, ""5"": 0.9803921568627451, ""6"": 0.9900990099009901, ""7"": 0.5714285714285714, ""8"": 0.0, ""9"": 0.0}","{""0"": 0.9844961240310077, ""1"": 0.8947368421052632, ""2"": 0.9642857142857143, ""3"": 0.875, ""4"": 1.0, ""5"": 0.9803921568627451, ""6"": 0.9803921568627451, ""7"": 0.4, ""8"": 0.0, ""9"": 0.0}","{""0"": 0.9477611940298507, ""1"": 1.0, ""2"": 1.0, ""3"": 1.0, ""4"": 0.9705882352941176, ""5"": 0.9803921568627451, ""6"": 1.0, ""7"": 1.0, ""8"": 0.0, ""9"": 0.0}","[[127.0, 2.0, 0.0, 2.0, 0.0, 1.0, 1.0, 1.0, 0.0, 0.0], [0.0, 17.0, 0.0, 0.0, 0.0, 0.0, 0.0, 0.0, 0.0, 0.0], [0.0, 0.0, 27.0, 0.0, 0.0, 0.0, 0.0, 0.0, 0.0, 0.0], [0.0, 0.0, 0.0, 14.0, 0.0, 0.0, 0.0, 0.0, 0.0, 0.0], [1.0, 0.0, 0.0, 0.0, 33.0, 0.0, 0.0, 0.0, 0.0, 0.0], [1.0, 0.0, 0.0, 0.0, 0.0, 50.0, 0.0, 0.0, 0.0, 0.0], [0.0, 0.0, 0.0, 0.0, 0.0, 0.0, 50.0, 0.0, 0.0, 0.0], [0.0, 0.0, 0.0, 0.0, 0.0, 0.0, 0.0, 4.0, 0.0, 0.0], [0.0, 0.0, 0.0, 0.0, 0.0, 0.0, 0.0, 5.0, 0.0, 0.0], [0.0, 0.0, 1.0, 0.0, 0.0, 0.0, 0.0, 0.0, 0.0, 0.0]]","[[0.9477611940298507, 0.014925373134328358, 0.0, 0.014925373134328358, 0.0, 0.007462686567164179, 0.007462686567164179, 0.007462686567164179, 0.0, 0.0], [0.0, 1.0, 0.0, 0.0, 0.0, 0.0, 0.0, 0.0, 0.0, 0.0], [0.0, 0.0, 1.0, 0.0, 0.0, 0.0, 0.0, 0.0, 0.0, 0.0], [0.0, 0.0, 0.0, 1.0, 0.0, 0.0, 0.0, 0.0, 0.0, 0.0], [0.029411764705882353, 0.0, 0.0, 0.0, 0.9705882352941176, 0.0, 0.0, 0.0, 0.0, 0.0], [0.0196078431372549, 0.0, 0.0, 0.0, 0.0, 0.9803921568627451, 0.0, 0.0, 0.0, 0.0], [0.0, 0.0, 0.0, 0.0, 0.0, 0.0, 1.0, 0.0, 0.0, 0.0], [0.0, 0.0, 0.0, 0.0, 0.0, 0.0, 0.0, 1.0, 0.0, 0.0], [0.0, 0.0, 0.0, 0.0, 0.0, 0.0, 0.0, 1.0, 0.0, 0.0], [0.0, 0.0, 1.0, 0.0, 0.0, 0.0, 0.0, 0.0, 0.0, 0.0]]","[""BENIGN"", ""FTP-PATATOR"", ""DOS GOLDENEYE"", ""SSH-PATATOR"", ""DDOS"", ""PORTSCAN"", ""DOS HULK"", ""WEB ATTACK \ufffd XSS"", ""WEB ATTACK \ufffd BRUTE FORCE"", ""WEB ATTACK \ufffd SQL INJECTION""]",0.14925373134328357,0.9956295228592188,0.001035928726196289,0.9530516431924883,0.14925373134328357,0.001035928726196289,,15.584404642930954,16.038728625970297,2.0477953596365936,204.779540719755,229.79470899736043,1,0.01,64,,,,,,,,,,,,False,False,,
5,15,1682,10,0.12292041815817356,0.9584569732937686,0.1426230656603972,0.9554896142433235,0.7444738566873205,0.7437557638774678,0.7437557638774678,0.06716417910447758,"{""0"": 0.9578544061302682, ""1"": 0.918918918918919, ""2"": 1.0, ""3"": 0.9333333333333333, ""4"": 1.0, ""5"": 0.9803921568627451, ""6"": 0.9803921568627451, ""7"": 0.0, ""8"": 0.6666666666666666, ""9"": 0.0}","{""0"": 0.984251968503937, ""1"": 0.85, ""2"": 1.0, ""3"": 0.875, ""4"": 1.0, ""5"": 0.9803921568627451, ""6"": 0.9615384615384616, ""7"": 0.0, ""8"": 0.5, ""9"": 0.0}","{""0"": 0.9328358208955224, ""1"": 1.0, ""2"": 1.0, ""3"": 1.0, ""4"": 1.0, ""5"": 0.9803921568627451, ""6"": 1.0, ""7"": 0.0, ""8"": 1.0, ""9"": 0.0}","[[125.0, 3.0, 0.0, 2.0, 0.0, 1.0, 2.0, 0.0, 1.0, 0.0], [0.0, 17.0, 0.0, 0.0, 0.0, 0.0, 0.0, 0.0, 0.0, 0.0], [0.0, 0.0, 27.0, 0.0, 0.0, 0.0, 0.0, 0.0, 0.0, 0.0], [0.0, 0.0, 0.0, 14.0, 0.0, 0.0, 0.0, 0.0, 0.0, 0.0], [0.0, 0.0, 0.0, 0.0, 34.0, 0.0, 0.0, 0.0, 0.0, 0.0], [1.0, 0.0, 0.0, 0.0, 0.0, 50.0, 0.0, 0.0, 0.0, 0.0], [0.0, 0.0, 0.0, 0.0, 0.0, 0.0, 50.0, 0.0, 0.0, 0.0], [0.0, 0.0, 0.0, 0.0, 0.0, 0.0, 0.0, 0.0, 4.0, 0.0], [0.0, 0.0, 0.0, 0.0, 0.0, 0.0, 0.0, 0.0, 5.0, 0.0], [1.0, 0.0, 0.0, 0.0, 0.0, 0.0, 0.0, 0.0, 0.0, 0.0]]","[[0.9328358208955224, 0.022388059701492536, 0.0, 0.014925373134328358, 0.0, 0.007462686567164179, 0.014925373134328358, 0.0, 0.007462686567164179, 0.0], [0.0, 1.0, 0.0, 0.0, 0.0, 0.0, 0.0, 0.0, 0.0, 0.0], [0.0, 0.0, 1.0, 0.0, 0.0, 0.0, 0.0, 0.0, 0.0, 0.0], [0.0, 0.0, 0.0, 1.0, 0.0, 0.0, 0.0, 0.0, 0.0, 0.0], [0.0, 0.0, 0.0, 0.0, 1.0, 0.0, 0.0, 0.0, 0.0, 0.0], [0.0196078431372549, 0.0, 0.0, 0.0, 0.0, 0.9803921568627451, 0.0, 0.0, 0.0, 0.0], [0.0, 0.0, 0.0, 0.0, 0.0, 0.0, 1.0, 0.0, 0.0, 0.0], [0.0, 0.0, 0.0, 0.0, 0.0, 0.0, 0.0, 0.0, 1.0, 0.0], [0.0, 0.0, 0.0, 0.0, 0.0, 0.0, 0.0, 0.0, 1.0, 0.0], [1.0, 0.0, 0.0, 0.0, 0.0, 0.0, 0.0, 0.0, 0.0, 0.0]]","[""BENIGN"", ""FTP-PATATOR"", ""DOS GOLDENEYE"", ""SSH-PATATOR"", ""DDOS"", ""PORTSCAN"", ""DOS HULK"", ""WEB ATTACK \ufffd XSS"", ""WEB ATTACK \ufffd BRUTE FORCE"", ""WEB ATTACK \ufffd SQL INJECTION""]",0.06716417910447761,0.9885098740069915,0.5189611315727234,0.9758454106280193,0.06716417910447761,0.5189611315727234,,15.925666292181258,16.29351958718078,1.9369715904500702,193.697161413534,204.6655419981107,1,0.01,64,,,,,,,,,,,,False,False,,
5,16,1682,10,0.12441761729617913,0.9495548961424333,0.12003323932488759,0.9614243323442137,0.7309319523130264,0.8465789705754461,0.8465789705754461,0.052238805970149294,"{""0"": 0.9657794676806084, ""1"": 0.9444444444444444, ""2"": 1.0, ""3"": 0.9333333333333333, ""4"": 0.9850746268656716, ""5"": 0.9803921568627451, ""6"": 0.9900990099009901, ""7"": 0.0, ""8"": 0.6666666666666666, ""9"": 1.0}","{""0"": 0.9844961240310077, ""1"": 0.8947368421052632, ""2"": 1.0, ""3"": 0.875, ""4"": 1.0, ""5"": 0.9803921568627451, ""6"": 0.9803921568627451, ""7"": 0.0, ""8"": 0.5, ""9"": 1.0}","{""0"": 0.9477611940298507, ""1"": 1.0, ""2"": 1.0, ""3"": 1.0, ""4"": 0.9705882352941176, ""5"": 0.9803921568627451, ""6"": 1.0, ""7"": 0.0, ""8"": 1.0, ""9"": 1.0}","[[127.0, 2.0, 0.0, 2.0, 0.0, 1.0, 1.0, 0.0, 1.0, 0.0], [0.0, 17.0, 0.0, 0.0, 0.0, 0.0, 0.0, 0.0, 0.0, 0.0], [0.0, 0.0, 27.0, 0.0, 0.0, 0.0, 0.0, 0.0, 0.0, 0.0], [0.0, 0.0, 0.0, 14.0, 0.0, 0.0, 0.0, 0.0, 0.0, 0.0], [1.0, 0.0, 0.0, 0.0, 33.0, 0.0, 0.0, 0.0, 0.0, 0.0], [1.0, 0.0, 0.0, 0.0, 0.0, 50.0, 0.0, 0.0, 0.0, 0.0], [0.0, 0.0, 0.0, 0.0, 0.0, 0.0, 50.0, 0.0, 0.0, 0.0], [0.0, 0.0, 0.0, 0.0, 0.0, 0.0, 0.0, 0.0, 4.0, 0.0], [0.0, 0.0, 0.0, 0.0, 0.0, 0.0, 0.0, 0.0, 5.0, 0.0], [0.0, 0.0, 0.0, 0.0, 0.0, 0.0, 0.0, 0.0, 0.0, 1.0]]","[[0.9477611940298507, 0.014925373134328358, 0.0, 0.014925373134328358, 0.0, 0.007462686567164179, 0.007462686567164179, 0.0, 0.007462686567164179, 0.0], [0.0, 1.0, 0.0, 0.0, 0.0, 0.0, 0.0, 0.0, 0.0, 0.0], [0.0, 0.0, 1.0, 0.0, 0.0, 0.0, 0.0, 0.0, 0.0, 0.0], [0.0, 0.0, 0.0, 1.0, 0.0, 0.0, 0.0, 0.0, 0.0, 0.0], [0.029411764705882353, 0.0, 0.0, 0.0, 0.9705882352941176, 0.0, 0.0, 0.0, 0.0, 0.0], [0.0196078431372549, 0.0, 0.0, 0.0, 0.0, 0.9803921568627451, 0.0, 0.0, 0.0, 0.0], [0.0, 0.0, 0.0, 0.0, 0.0, 0.0, 1.0, 0.0, 0.0, 0.0], [0.0, 0.0, 0.0, 0.0, 0.0, 0.0, 0.0, 0.0, 1.0, 0.0], [0.0, 0.0, 0.0, 0.0, 0.0, 0.0, 0.0, 0.0, 1.0, 0.0], [0.0, 0.0, 0.0, 0.0, 0.0, 0.0, 0.0, 0.0, 0.0, 1.0]]","[""BENIGN"", ""FTP-PATATOR"", ""DOS GOLDENEYE"", ""SSH-PATATOR"", ""DDOS"", ""PORTSCAN"", ""DOS HULK"", ""WEB ATTACK \ufffd XSS"", ""WEB ATTACK \ufffd BRUTE FORCE"", ""WEB ATTACK \ufffd SQL INJECTION""]",0.06716417910447761,0.994739338752566,0.27649253606796265,0.9758454106280193,0.06716417910447761,0.27649253606796265,,16.244882859058368,16.610457226295317,1.9245627246095753,192.4562720632771,185.43245899491012,1,0.01,64,,,,,,,,,,,,False,False,,
5,17,1682,10,0.09246155278136332,0.9643916913946587,0.12964675047745308,0.9436201780415431,0.7516816488951127,0.7121602428655666,0.7121602428655666,0.04477611940298509,"{""0"": 0.9516728624535316, ""1"": 0.918918918918919, ""2"": 0.9818181818181818, ""3"": 0.7272727272727273, ""4"": 1.0, ""5"": 0.9803921568627451, ""6"": 0.9900990099009901, ""7"": 0.5714285714285714, ""8"": 0.0, ""9"": 0.0}","{""0"": 0.9481481481481482, ""1"": 0.85, ""2"": 0.9642857142857143, ""3"": 1.0, ""4"": 1.0, ""5"": 0.9803921568627451, ""6"": 0.9803921568627451, ""7"": 0.4, ""8"": 0.0, ""9"": 0.0}","{""0"": 0.9552238805970149, ""1"": 1.0, ""2"": 1.0, ""3"": 0.5714285714285714, ""4"": 1.0, ""5"": 0.9803921568627451, ""6"": 1.0, ""7"": 1.0, ""8"": 0.0, ""9"": 0.0}","[[128.0, 3.0, 0.0, 0.0, 0.0, 1.0, 1.0, 1.0, 0.0, 0.0], [0.0, 17.0, 0.0, 0.0, 0.0, 0.0, 0.0, 0.0, 0.0, 0.0], [0.0, 0.0, 27.0, 0.0, 0.0, 0.0, 0.0, 0.0, 0.0, 0.0], [6.0, 0.0, 0.0, 8.0, 0.0, 0.0, 0.0, 0.0, 0.0, 0.0], [0.0, 0.0, 0.0, 0.0, 34.0, 0.0, 0.0, 0.0, 0.0, 0.0], [1.0, 0.0, 0.0, 0.0, 0.0, 50.0, 0.0, 0.0, 0.0, 0.0], [0.0, 0.0, 0.0, 0.0, 0.0, 0.0, 50.0, 0.0, 0.0, 0.0], [0.0, 0.0, 0.0, 0.0, 0.0, 0.0, 0.0, 4.0, 0.0, 0.0], [0.0, 0.0, 0.0, 0.0, 0.0, 0.0, 0.0, 5.0, 0.0, 0.0], [0.0, 0.0, 1.0, 0.0, 0.0, 0.0, 0.0, 0.0, 0.0, 0.0]]","[[0.9552238805970149, 0.022388059701492536, 0.0, 0.0, 0.0, 0.007462686567164179, 0.007462686567164179, 0.007462686567164179, 0.0, 0.0], [0.0, 1.0, 0.0, 0.0, 0.0, 0.0, 0.0, 0.0, 0.0, 0.0], [0.0, 0.0, 1.0, 0.0, 0.0, 0.0, 0.0, 0.0, 0.0, 0.0], [0.42857142857142855, 0.0, 0.0, 0.5714285714285714, 0.0, 0.0, 0.0, 0.0, 0.0, 0.0], [0.0, 0.0, 0.0, 0.0, 1.0, 0.0, 0.0, 0.0, 0.0, 0.0], [0.0196078431372549, 0.0, 0.0, 0.0, 0.0, 0.9803921568627451, 0.0, 0.0, 0.0, 0.0], [0.0, 0.0, 0.0, 0.0, 0.0, 0.0, 1.0, 0.0, 0.0, 0.0], [0.0, 0.0, 0.0, 0.0, 0.0, 0.0, 0.0, 1.0, 0.0, 0.0], [0.0, 0.0, 0.0, 0.0, 0.0, 0.0, 0.0, 1.0, 0.0, 0.0], [0.0, 0.0, 1.0, 0.0, 0.0, 0.0, 0.0, 0.0, 0.0, 0.0]]","[""BENIGN"", ""FTP-PATATOR"", ""DOS GOLDENEYE"", ""SSH-PATATOR"", ""DDOS"", ""PORTSCAN"", ""DOS HULK"", ""WEB ATTACK \ufffd XSS"", ""WEB ATTACK \ufffd BRUTE FORCE"", ""WEB ATTACK \ufffd SQL INJECTION""]",0.1044776119402985,0.9943490752307266,0.0365983247756958,0.964200477326969,0.1044776119402985,0.0365983247756958,,16.582399712412712,16.989260466583584,1.9754525581323266,197.5452561400025,235.16725000808947,1,0.01,64,,,,,,,,,,,,False,False,,
5,18,1682,10,0.10045011279483636,0.9584569732937686,0.14036824305852255,0.9525222551928784,0.746588351388022,0.7322896860197113,0.7322896860197113,0.05970149253731338,"{""0"": 0.9618320610687023, ""1"": 0.918918918918919, ""2"": 0.9818181818181818, ""3"": 0.9333333333333333, ""4"": 0.9850746268656716, ""5"": 0.9803921568627451, ""6"": 0.9900990099009901, ""7"": 0.5714285714285714, ""8"": 0.0, ""9"": 0.0}","{""0"": 0.984375, ""1"": 0.85, ""2"": 0.9642857142857143, ""3"": 0.875, ""4"": 1.0, ""5"": 0.9803921568627451, ""6"": 0.9803921568627451, ""7"": 0.4, ""8"": 0.0, ""9"": 0.0}","{""0"": 0.9402985074626866, ""1"": 1.0, ""2"": 1.0, ""3"": 1.0, ""4"": 0.9705882352941176, ""5"": 0.9803921568627451, ""6"": 1.0, ""7"": 1.0, ""8"": 0.0, ""9"": 0.0}","[[126.0, 3.0, 0.0, 2.0, 0.0, 1.0, 1.0, 1.0, 0.0, 0.0], [0.0, 17.0, 0.0, 0.0, 0.0, 0.0, 0.0, 0.0, 0.0, 0.0], [0.0, 0.0, 27.0, 0.0, 0.0, 0.0, 0.0, 0.0, 0.0, 0.0], [0.0, 0.0, 0.0, 14.0, 0.0, 0.0, 0.0, 0.0, 0.0, 0.0], [1.0, 0.0, 0.0, 0.0, 33.0, 0.0, 0.0, 0.0, 0.0, 0.0], [1.0, 0.0, 0.0, 0.0, 0.0, 50.0, 0.0, 0.0, 0.0, 0.0], [0.0, 0.0, 0.0, 0.0, 0.0, 0.0, 50.0, 0.0, 0.0, 0.0], [0.0, 0.0, 0.0, 0.0, 0.0, 0.0, 0.0, 4.0, 0.0, 0.0], [0.0, 0.0, 0.0, 0.0, 0.0, 0.0, 0.0, 5.0, 0.0, 0.0], [0.0, 0.0, 1.0, 0.0, 0.0, 0.0, 0.0, 0.0, 0.0, 0.0]]","[[0.9402985074626866, 0.022388059701492536, 0.0, 0.014925373134328358, 0.0, 0.007462686567164179, 0.007462686567164179, 0.007462686567164179, 0.0, 0.0], [0.0, 1.0, 0.0, 0.0, 0.0, 0.0, 0.0, 0.0, 0.0, 0.0], [0.0, 0.0, 1.0, 0.0, 0.0, 0.0, 0.0, 0.0, 0.0, 0.0], [0.0, 0.0, 0.0, 1.0, 0.0, 0.0, 0.0, 0.0, 0.0, 0.0], [0.029411764705882353, 0.0, 0.0, 0.0, 0.9705882352941176, 0.0, 0.0, 0.0, 0.0, 0.0], [0.0196078431372549, 0.0, 0.0, 0.0, 0.0, 0.9803921568627451, 0.0, 0.0, 0.0, 0.0], [0.0, 0.0, 0.0, 0.0, 0.0, 0.0, 1.0, 0.0, 0.0, 0.0], [0.0, 0.0, 0.0, 0.0, 0.0, 0.0, 0.0, 1.0, 0.0, 0.0], [0.0, 0.0, 0.0, 0.0, 0.0, 0.0, 0.0, 1.0, 0.0, 0.0], [0.0, 0.0, 1.0, 0.0, 0.0, 0.0, 0.0, 0.0, 0.0, 0.0]]","[""BENIGN"", ""FTP-PATATOR"", ""DOS GOLDENEYE"", ""SSH-PATATOR"", ""DDOS"", ""PORTSCAN"", ""DOS HULK"", ""WEB ATTACK \ufffd XSS"", ""WEB ATTACK \ufffd BRUTE FORCE"", ""WEB ATTACK \ufffd SQL INJECTION""]",0.12686567164179105,0.9902264748698117,0.007133126258850098,0.9598108747044918,0.12686567164179105,0.007133126258850098,,16.891586075223387,17.248420257725613,1.9083393637868669,190.83393972819684,288.26479200506583,1,0.01,64,,,,,,,,,,,,False,False,,
5,19,1682,10,0.10346441126118104,0.9584569732937686,0.12601476224760214,0.9525222551928784,0.7377639729163679,0.7353535788871749,0.7353535788871749,0.06716417910447758,"{""0"": 0.9615384615384616, ""1"": 0.9444444444444444, ""2"": 0.9818181818181818, ""3"": 0.9333333333333333, ""4"": 1.0, ""5"": 0.970873786407767, ""6"": 0.9900990099009901, ""7"": 0.5714285714285714, ""8"": 0.0, ""9"": 0.0}","{""0"": 0.9920634920634921, ""1"": 0.8947368421052632, ""2"": 0.9642857142857143, ""3"": 0.875, ""4"": 1.0, ""5"": 0.9615384615384616, ""6"": 0.9803921568627451, ""7"": 0.4, ""8"": 0.0, ""9"": 0.0}","{""0"": 0.9328358208955224, ""1"": 1.0, ""2"": 1.0, ""3"": 1.0, ""4"": 1.0, ""5"": 0.9803921568627451, ""6"": 1.0, ""7"": 1.0, ""8"": 0.0, ""9"": 0.0}","[[125.0, 2.0, 0.0, 2.0, 0.0, 2.0, 1.0, 1.0, 1.0, 0.0], [0.0, 17.0, 0.0, 0.0, 0.0, 0.0, 0.0, 0.0, 0.0, 0.0], [0.0, 0.0, 27.0, 0.0, 0.0, 0.0, 0.0, 0.0, 0.0, 0.0], [0.0, 0.0, 0.0, 14.0, 0.0, 0.0, 0.0, 0.0, 0.0, 0.0], [0.0, 0.0, 0.0, 0.0, 34.0, 0.0, 0.0, 0.0, 0.0, 0.0], [1.0, 0.0, 0.0, 0.0, 0.0, 50.0, 0.0, 0.0, 0.0, 0.0], [0.0, 0.0, 0.0, 0.0, 0.0, 0.0, 50.0, 0.0, 0.0, 0.0], [0.0, 0.0, 0.0, 0.0, 0.0, 0.0, 0.0, 4.0, 0.0, 0.0], [0.0, 0.0, 0.0, 0.0, 0.0, 0.0, 0.0, 5.0, 0.0, 0.0], [0.0, 0.0, 1.0, 0.0, 0.0, 0.0, 0.0, 0.0, 0.0, 0.0]]","[[0.9328358208955224, 0.014925373134328358, 0.0, 0.014925373134328358, 0.0, 0.014925373134328358, 0.007462686567164179, 0.007462686567164179, 0.007462686567164179, 0.0], [0.0, 1.0, 0.0, 0.0, 0.0, 0.0, 0.0, 0.0, 0.0, 0.0], [0.0, 0.0, 1.0, 0.0, 0.0, 0.0, 0.0, 0.0, 0.0, 0.0], [0.0, 0.0, 0.0, 1.0, 0.0, 0.0, 0.0, 0.0, 0.0, 0.0], [0.0, 0.0, 0.0, 0.0, 1.0, 0.0, 0.0, 0.0, 0.0, 0.0], [0.0196078431372549, 0.0, 0.0, 0.0, 0.0, 0.9803921568627451, 0.0, 0.0, 0.0, 0.0], [0.0, 0.0, 0.0, 0.0, 0.0, 0.0, 1.0, 0.0, 0.0, 0.0], [0.0, 0.0, 0.0, 0.0, 0.0, 0.0, 0.0, 1.0, 0.0, 0.0], [0.0, 0.0, 0.0, 0.0, 0.0, 0.0, 0.0, 1.0, 0.0, 0.0], [0.0, 0.0, 1.0, 0.0, 0.0, 0.0, 0.0, 0.0, 0.0, 0.0]]","[""BENIGN"", ""FTP-PATATOR"", ""DOS GOLDENEYE"", ""SSH-PATATOR"", ""DDOS"", ""PORTSCAN"", ""DOS HULK"", ""WEB ATTACK \ufffd XSS"", ""WEB ATTACK \ufffd BRUTE FORCE"", ""WEB ATTACK \ufffd SQL INJECTION""]",0.06716417910447761,0.994271927796016,0.5373141765594482,0.9758454106280193,0.06716417910447761,0.5373141765594482,,17.207179794796136,17.637399599910175,1.9976575253944666,199.76575905292236,232.5297089992091,1,0.01,64,,,,,,,,,,,,False,False,,
5,20,1682,10,0.09506126182774703,0.9584569732937686,0.12091007207830747,0.9554896142433235,0.7447778280782484,0.8350701626363508,0.8350701626363508,0.052238805970149294,"{""0"": 0.9694656488549618, ""1"": 0.9444444444444444, ""2"": 0.9615384615384616, ""3"": 0.9333333333333333, ""4"": 1.0, ""5"": 0.9803921568627451, ""6"": 0.9900990099009901, ""7"": 0.5714285714285714, ""8"": 0.0, ""9"": 1.0}","{""0"": 0.9921875, ""1"": 0.8947368421052632, ""2"": 1.0, ""3"": 0.875, ""4"": 1.0, ""5"": 0.9803921568627451, ""6"": 0.9803921568627451, ""7"": 0.4, ""8"": 0.0, ""9"": 1.0}","{""0"": 0.9477611940298507, ""1"": 1.0, ""2"": 0.9259259259259259, ""3"": 1.0, ""4"": 1.0, ""5"": 0.9803921568627451, ""6"": 1.0, ""7"": 1.0, ""8"": 0.0, ""9"": 1.0}","[[127.0, 2.0, 0.0, 2.0, 0.0, 1.0, 1.0, 1.0, 0.0, 0.0], [0.0, 17.0, 0.0, 0.0, 0.0, 0.0, 0.0, 0.0, 0.0, 0.0], [0.0, 0.0, 25.0, 0.0, 0.0, 0.0, 0.0, 0.0, 2.0, 0.0], [0.0, 0.0, 0.0, 14.0, 0.0, 0.0, 0.0, 0.0, 0.0, 0.0], [0.0, 0.0, 0.0, 0.0, 34.0, 0.0, 0.0, 0.0, 0.0, 0.0], [1.0, 0.0, 0.0, 0.0, 0.0, 50.0, 0.0, 0.0, 0.0, 0.0], [0.0, 0.0, 0.0, 0.0, 0.0, 0.0, 50.0, 0.0, 0.0, 0.0], [0.0, 0.0, 0.0, 0.0, 0.0, 0.0, 0.0, 4.0, 0.0, 0.0], [0.0, 0.0, 0.0, 0.0, 0.0, 0.0, 0.0, 5.0, 0.0, 0.0], [0.0, 0.0, 0.0, 0.0, 0.0, 0.0, 0.0, 0.0, 0.0, 1.0]]","[[0.9477611940298507, 0.014925373134328358, 0.0, 0.014925373134328358, 0.0, 0.007462686567164179, 0.007462686567164179, 0.007462686567164179, 0.0, 0.0], [0.0, 1.0, 0.0, 0.0, 0.0, 0.0, 0.0, 0.0, 0.0, 0.0], [0.0, 0.0, 0.9259259259259259, 0.0, 0.0, 0.0, 0.0, 0.0, 0.07407407407407407, 0.0], [0.0, 0.0, 0.0, 1.0, 0.0, 0.0, 0.0, 0.0, 0.0, 0.0], [0.0, 0.0, 0.0, 0.0, 1.0, 0.0, 0.0, 0.0, 0.0, 0.0], [0.0196078431372549, 0.0, 0.0, 0.0, 0.0, 0.9803921568627451, 0.0, 0.0, 0.0, 0.0], [0.0, 0.0, 0.0, 0.0, 0.0, 0.0, 1.0, 0.0, 0.0, 0.0], [0.0, 0.0, 0.0, 0.0, 0.0, 0.0, 0.0, 1.0, 0.0, 0.0], [0.0, 0.0, 0.0, 0.0, 0.0, 0.0, 0.0, 1.0, 0.0, 0.0], [0.0, 0.0, 0.0, 0.0, 0.0, 0.0, 0.0, 0.0, 0.0, 1.0]]","[""BENIGN"", ""FTP-PATATOR"", ""DOS GOLDENEYE"", ""SSH-PATATOR"", ""DDOS"", ""PORTSCAN"", ""DOS HULK"", ""WEB ATTACK \ufffd XSS"", ""WEB ATTACK \ufffd BRUTE FORCE"", ""WEB ATTACK \ufffd SQL INJECTION""]",0.07462686567164178,0.9954469096222031,0.26245373487472534,0.9734939759036144,0.07462686567164178,0.26245373487472534,,17.53230180832044,17.884657405081356,1.8125052395490024,181.25052022925072,268.2143330021063,1,0.01,64,,,,,,,,,,,,False,False,,
5,1,1682,10,2.2625709772109985,0.17210682492581603,0.6029633084932963,0.7952522255192879,0.038149326063910347,0.42623343060740543,0.42623343060740543,0.07462686567164178,"{""0"": 0.8378378378378378, ""1"": 0.0, ""2"": 0.9090909090909091, ""3"": 0.0, ""4"": 0.7796610169491526, ""5"": 0.8064516129032258, ""6"": 0.9292929292929293, ""7"": 0.0, ""8"": 0.0, ""9"": 0.0}","{""0"": 0.7654320987654321, ""1"": 0.0, ""2"": 0.8928571428571429, ""3"": 0.0, ""4"": 0.92, ""5"": 0.684931506849315, ""6"": 0.9387755102040817, ""7"": 0.0, ""8"": 0.0, ""9"": 0.0}","{""0"": 0.9253731343283582, ""1"": 0.0, ""2"": 0.9259259259259259, ""3"": 0.0, ""4"": 0.6764705882352942, ""5"": 0.9803921568627451, ""6"": 0.92, ""7"": 0.0, ""8"": 0.0, ""9"": 0.0}","[[124.0, 0.0, 2.0, 0.0, 0.0, 5.0, 3.0, 0.0, 0.0, 0.0], [8.0, 0.0, 0.0, 0.0, 0.0, 9.0, 0.0, 0.0, 0.0, 0.0], [2.0, 0.0, 25.0, 0.0, 0.0, 0.0, 0.0, 0.0, 0.0, 0.0], [14.0, 0.0, 0.0, 0.0, 0.0, 0.0, 0.0, 0.0, 0.0, 0.0], [11.0, 0.0, 0.0, 0.0, 23.0, 0.0, 0.0, 0.0, 0.0, 0.0], [1.0, 0.0, 0.0, 0.0, 0.0, 50.0, 0.0, 0.0, 0.0, 0.0], [1.0, 0.0, 1.0, 0.0, 2.0, 0.0, 46.0, 0.0, 0.0, 0.0], [0.0, 0.0, 0.0, 0.0, 0.0, 4.0, 0.0, 0.0, 0.0, 0.0], [0.0, 0.0, 0.0, 0.0, 0.0, 5.0, 0.0, 0.0, 0.0, 0.0], [1.0, 0.0, 0.0, 0.0, 0.0, 0.0, 0.0, 0.0, 0.0, 0.0]]","[[0.9253731343283582, 0.0, 0.014925373134328358, 0.0, 0.0, 0.03731343283582089, 0.022388059701492536, 0.0, 0.0, 0.0], [0.47058823529411764, 0.0, 0.0, 0.0, 0.0, 0.5294117647058824, 0.0, 0.0, 0.0, 0.0], [0.07407407407407407, 0.0, 0.9259259259259259, 0.0, 0.0, 0.0, 0.0, 0.0, 0.0, 0.0], [1.0, 0.0, 0.0, 0.0, 0.0, 0.0, 0.0, 0.0, 0.0, 0.0], [0.3235294117647059, 0.0, 0.0, 0.0, 0.6764705882352942, 0.0, 0.0, 0.0, 0.0, 0.0], [0.0196078431372549, 0.0, 0.0, 0.0, 0.0, 0.9803921568627451, 0.0, 0.0, 0.0, 0.0], [0.02, 0.0, 0.02, 0.0, 0.04, 0.0, 0.92, 0.0, 0.0, 0.0], [0.0, 0.0, 0.0, 0.0, 0.0, 1.0, 0.0, 0.0, 0.0, 0.0], [0.0, 0.0, 0.0, 0.0, 0.0, 1.0, 0.0, 0.0, 0.0, 0.0], [1.0, 0.0, 0.0, 0.0, 0.0, 0.0, 0.0, 0.0, 0.0, 0.0]]","[""BENIGN"", ""FTP-PATATOR"", ""DOS GOLDENEYE"", ""SSH-PATATOR"", ""DDOS"", ""PORTSCAN"", ""DOS HULK"", ""WEB ATTACK \ufffd XSS"", ""WEB ATTACK \ufffd BRUTE FORCE"", ""WEB ATTACK \ufffd SQL INJECTION""]",0.1044776119402985,0.9730167146904688,0.6308025121688843,0.8871794871794871,0.1044776119402985,0.6308025121688843,,5.962155257086418,8.804498812626166,5.714460925266993,571.4461084088979,2576.491416999488,1,0.01,64,,,,,,,,,,,,False,False,,
5,2,1682,10,0.6457408120234808,0.7626112759643917,0.29839074860016507,0.9080118694362018,0.39489716288513776,0.7045212562188544,0.7045212562188544,0.14179104477611937,"{""0"": 0.9163346613545816, ""1"": 0.7727272727272727, ""2"": 0.9230769230769231, ""3"": 0.9333333333333333, ""4"": 0.9315068493150684, ""5"": 0.970873786407767, ""6"": 0.9306930693069307, ""7"": 0.0, ""8"": 0.6666666666666666, ""9"": 0.0}","{""0"": 0.9829059829059829, ""1"": 0.6296296296296297, ""2"": 0.96, ""3"": 0.875, ""4"": 0.8717948717948718, ""5"": 0.9615384615384616, ""6"": 0.9215686274509803, ""7"": 0.0, ""8"": 0.5, ""9"": 0.0}","{""0"": 0.8582089552238806, ""1"": 1.0, ""2"": 0.8888888888888888, ""3"": 1.0, ""4"": 1.0, ""5"": 0.9803921568627451, ""6"": 0.94, ""7"": 0.0, ""8"": 1.0, ""9"": 0.0}","[[115.0, 8.0, 1.0, 2.0, 2.0, 2.0, 3.0, 0.0, 1.0, 0.0], [0.0, 17.0, 0.0, 0.0, 0.0, 0.0, 0.0, 0.0, 0.0, 0.0], [0.0, 2.0, 24.0, 0.0, 0.0, 0.0, 1.0, 0.0, 0.0, 0.0], [0.0, 0.0, 0.0, 14.0, 0.0, 0.0, 0.0, 0.0, 0.0, 0.0], [0.0, 0.0, 0.0, 0.0, 34.0, 0.0, 0.0, 0.0, 0.0, 0.0], [1.0, 0.0, 0.0, 0.0, 0.0, 50.0, 0.0, 0.0, 0.0, 0.0], [0.0, 0.0, 0.0, 0.0, 3.0, 0.0, 47.0, 0.0, 0.0, 0.0], [0.0, 0.0, 0.0, 0.0, 0.0, 0.0, 0.0, 0.0, 4.0, 0.0], [0.0, 0.0, 0.0, 0.0, 0.0, 0.0, 0.0, 0.0, 5.0, 0.0], [1.0, 0.0, 0.0, 0.0, 0.0, 0.0, 0.0, 0.0, 0.0, 0.0]]","[[0.8582089552238806, 0.05970149253731343, 0.007462686567164179, 0.014925373134328358, 0.014925373134328358, 0.014925373134328358, 0.022388059701492536, 0.0, 0.007462686567164179, 0.0], [0.0, 1.0, 0.0, 0.0, 0.0, 0.0, 0.0, 0.0, 0.0, 0.0], [0.0, 0.07407407407407407, 0.8888888888888888, 0.0, 0.0, 0.0, 0.037037037037037035, 0.0, 0.0, 0.0], [0.0, 0.0, 0.0, 1.0, 0.0, 0.0, 0.0, 0.0, 0.0, 0.0], [0.0, 0.0, 0.0, 0.0, 1.0, 0.0, 0.0, 0.0, 0.0, 0.0], [0.0196078431372549, 0.0, 0.0, 0.0, 0.0, 0.9803921568627451, 0.0, 0.0, 0.0, 0.0], [0.0, 0.0, 0.0, 0.0, 0.06, 0.0, 0.94, 0.0, 0.0, 0.0], [0.0, 0.0, 0.0, 0.0, 0.0, 0.0, 0.0, 0.0, 1.0, 0.0], [0.0, 0.0, 0.0, 0.0, 0.0, 0.0, 0.0, 0.0, 1.0, 0.0], [1.0, 0.0, 0.0, 0.0, 0.0, 0.0, 0.0, 0.0, 0.0, 0.0]]","[""BENIGN"", ""FTP-PATATOR"", ""DOS GOLDENEYE"", ""SSH-PATATOR"", ""DDOS"", ""PORTSCAN"", ""DOS HULK"", ""WEB ATTACK \ufffd XSS"", ""WEB ATTACK \ufffd BRUTE FORCE"", ""WEB ATTACK \ufffd SQL INJECTION""]",0.08955223880597014,0.9849470345597322,0.7795495986938477,0.925,0.08955223880597014,0.7795495986938477,,8.47612340818247,10.3549593617083,3.631148066234888,363.1148174282982,127.32962500012945,1,0.01,64,,,,,,,,,,,,False,False,,
5,3,1682,10,0.2680266524354617,0.9228486646884273,0.21178702265024185,0.9406528189910979,0.7204484298121904,0.7258341737895682,0.7258341737895682,0.052238805970149294,"{""0"": 0.9548872180451128, ""1"": 0.9444444444444444, ""2"": 0.8928571428571429, ""3"": 0.9655172413793104, ""4"": 1.0, ""5"": 0.970873786407767, ""6"": 0.9583333333333334, ""7"": 0.5714285714285714, ""8"": 0.0, ""9"": 0.0}","{""0"": 0.9621212121212122, ""1"": 0.8947368421052632, ""2"": 0.8620689655172413, ""3"": 0.9333333333333333, ""4"": 1.0, ""5"": 0.9615384615384616, ""6"": 1.0, ""7"": 0.4, ""8"": 0.0, ""9"": 0.0}","{""0"": 0.9477611940298507, ""1"": 1.0, ""2"": 0.9259259259259259, ""3"": 1.0, ""4"": 1.0, ""5"": 0.9803921568627451, ""6"": 0.92, ""7"": 1.0, ""8"": 0.0, ""9"": 0.0}","[[127.0, 2.0, 1.0, 1.0, 0.0, 2.0, 0.0, 1.0, 0.0, 0.0], [0.0, 17.0, 0.0, 0.0, 0.0, 0.0, 0.0, 0.0, 0.0, 0.0], [2.0, 0.0, 25.0, 0.0, 0.0, 0.0, 0.0, 0.0, 0.0, 0.0], [0.0, 0.0, 0.0, 14.0, 0.0, 0.0, 0.0, 0.0, 0.0, 0.0], [0.0, 0.0, 0.0, 0.0, 34.0, 0.0, 0.0, 0.0, 0.0, 0.0], [1.0, 0.0, 0.0, 0.0, 0.0, 50.0, 0.0, 0.0, 0.0, 0.0], [1.0, 0.0, 3.0, 0.0, 0.0, 0.0, 46.0, 0.0, 0.0, 0.0], [0.0, 0.0, 0.0, 0.0, 0.0, 0.0, 0.0, 4.0, 0.0, 0.0], [0.0, 0.0, 0.0, 0.0, 0.0, 0.0, 0.0, 5.0, 0.0, 0.0], [1.0, 0.0, 0.0, 0.0, 0.0, 0.0, 0.0, 0.0, 0.0, 0.0]]","[[0.9477611940298507, 0.014925373134328358, 0.007462686567164179, 0.007462686567164179, 0.0, 0.014925373134328358, 0.0, 0.007462686567164179, 0.0, 0.0], [0.0, 1.0, 0.0, 0.0, 0.0, 0.0, 0.0, 0.0, 0.0, 0.0], [0.07407407407407407, 0.0, 0.9259259259259259, 0.0, 0.0, 0.0, 0.0, 0.0, 0.0, 0.0], [0.0, 0.0, 0.0, 1.0, 0.0, 0.0, 0.0, 0.0, 0.0, 0.0], [0.0, 0.0, 0.0, 0.0, 1.0, 0.0, 0.0, 0.0, 0.0, 0.0], [0.0196078431372549, 0.0, 0.0, 0.0, 0.0, 0.9803921568627451, 0.0, 0.0, 0.0, 0.0], [0.02, 0.0, 0.06, 0.0, 0.0, 0.0, 0.92, 0.0, 0.0, 0.0], [0.0, 0.0, 0.0, 0.0, 0.0, 0.0, 0.0, 1.0, 0.0, 0.0], [0.0, 0.0, 0.0, 0.0, 0.0, 0.0, 0.0, 1.0, 0.0, 0.0], [1.0, 0.0, 0.0, 0.0, 0.0, 0.0, 0.0, 0.0, 0.0, 0.0]]","[""BENIGN"", ""FTP-PATATOR"", ""DOS GOLDENEYE"", ""SSH-PATATOR"", ""DDOS"", ""PORTSCAN"", ""DOS HULK"", ""WEB ATTACK \ufffd XSS"", ""WEB ATTACK \ufffd BRUTE FORCE"", ""WEB ATTACK \ufffd SQL INJECTION""]",0.07462686567164178,0.9935107979675474,0.433022677898407,0.9710144927536232,0.07462686567164178,0.433022677898407,,10.243137947665312,11.287563675904655,2.4693374266888117,246.933740261366,177.54541599424556,1,0.01,64,,,,,,,,,,,,False,False,,
5,4,1682,10,0.18104702110091844,0.9495548961424333,0.18113001498083273,0.9436201780415431,0.7378612743489963,0.7331190472381308,0.7331190472381308,0.08955223880597019,"{""0"": 0.9494163424124513, ""1"": 0.918918918918919, ""2"": 0.9310344827586207, ""3"": 0.9333333333333333, ""4"": 0.9714285714285714, ""5"": 0.9803921568627451, ""6"": 0.98, ""7"": 0.0, ""8"": 0.6666666666666666, ""9"": 0.0}","{""0"": 0.991869918699187, ""1"": 0.85, ""2"": 0.8709677419354839, ""3"": 0.875, ""4"": 0.9444444444444444, ""5"": 0.9803921568627451, ""6"": 0.98, ""7"": 0.0, ""8"": 0.5, ""9"": 0.0}","{""0"": 0.9104477611940298, ""1"": 1.0, ""2"": 1.0, ""3"": 1.0, ""4"": 1.0, ""5"": 0.9803921568627451, ""6"": 0.98, ""7"": 0.0, ""8"": 1.0, ""9"": 0.0}","[[122.0, 3.0, 2.0, 2.0, 2.0, 1.0, 1.0, 0.0, 1.0, 0.0], [0.0, 17.0, 0.0, 0.0, 0.0, 0.0, 0.0, 0.0, 0.0, 0.0], [0.0, 0.0, 27.0, 0.0, 0.0, 0.0, 0.0, 0.0, 0.0, 0.0], [0.0, 0.0, 0.0, 14.0, 0.0, 0.0, 0.0, 0.0, 0.0, 0.0], [0.0, 0.0, 0.0, 0.0, 34.0, 0.0, 0.0, 0.0, 0.0, 0.0], [1.0, 0.0, 0.0, 0.0, 0.0, 50.0, 0.0, 0.0, 0.0, 0.0], [0.0, 0.0, 1.0, 0.0, 0.0, 0.0, 49.0, 0.0, 0.0, 0.0], [0.0, 0.0, 0.0, 0.0, 0.0, 0.0, 0.0, 0.0, 4.0, 0.0], [0.0, 0.0, 0.0, 0.0, 0.0, 0.0, 0.0, 0.0, 5.0, 0.0], [0.0, 0.0, 1.0, 0.0, 0.0, 0.0, 0.0, 0.0, 0.0, 0.0]]","[[0.9104477611940298, 0.022388059701492536, 0.014925373134328358, 0.014925373134328358, 0.014925373134328358, 0.007462686567164179, 0.007462686567164179, 0.0, 0.007462686567164179, 0.0], [0.0, 1.0, 0.0, 0.0, 0.0, 0.0, 0.0, 0.0, 0.0, 0.0], [0.0, 0.0, 1.0, 0.0, 0.0, 0.0, 0.0, 0.0, 0.0, 0.0], [0.0, 0.0, 0.0, 1.0, 0.0, 0.0, 0.0, 0.0, 0.0, 0.0], [0.0, 0.0, 0.0, 0.0, 1.0, 0.0, 0.0, 0.0, 0.0, 0.0], [0.0196078431372549, 0.0, 0.0, 0.0, 0.0, 0.9803921568627451, 0.0, 0.0, 0.0, 0.0], [0.0, 0.0, 0.02, 0.0, 0.0, 0.0, 0.98, 0.0, 0.0, 0.0], [0.0, 0.0, 0.0, 0.0, 0.0, 0.0, 0.0, 0.0, 1.0, 0.0], [0.0, 0.0, 0.0, 0.0, 0.0, 0.0, 0.0, 0.0, 1.0, 0.0], [0.0, 0.0, 1.0, 0.0, 0.0, 0.0, 0.0, 0.0, 0.0, 0.0]]","[""BENIGN"", ""FTP-PATATOR"", ""DOS GOLDENEYE"", ""SSH-PATATOR"", ""DDOS"", ""PORTSCAN"", ""DOS HULK"", ""WEB ATTACK \ufffd XSS"", ""WEB ATTACK \ufffd BRUTE FORCE"", ""WEB ATTACK \ufffd SQL INJECTION""]",0.13432835820895522,0.9856250415093031,0.16072887182235718,0.9550827423167849,0.13432835820895522,0.16072887182235718,,11.21328751327243,12.024976243349547,2.043572095823986,204.35721045481677,127.4742090026848,1,0.01,64,,,,,,,,,,,,False,False,,
5,5,1682,10,0.1680134559671084,0.9436201780415431,0.1621589350203673,0.9406528189910979,0.7269974835508817,0.7256320679683441,0.7256320679683441,0.06716417910447758,"{""0"": 0.9433962264150944, ""1"": 0.918918918918919, ""2"": 0.9433962264150944, ""3"": 0.9333333333333333, ""4"": 0.9850746268656716, ""5"": 0.970873786407767, ""6"": 0.98989898989899, ""7"": 0.5714285714285714, ""8"": 0.0, ""9"": 0.0}","{""0"": 0.9541984732824428, ""1"": 0.85, ""2"": 0.9615384615384616, ""3"": 0.875, ""4"": 1.0, ""5"": 0.9615384615384616, ""6"": 1.0, ""7"": 0.4, ""8"": 0.0, ""9"": 0.0}","{""0"": 0.9328358208955224, ""1"": 1.0, ""2"": 0.9259259259259259, ""3"": 1.0, ""4"": 0.9705882352941176, ""5"": 0.9803921568627451, ""6"": 0.98, ""7"": 1.0, ""8"": 0.0, ""9"": 0.0}","[[125.0, 3.0, 1.0, 2.0, 0.0, 2.0, 0.0, 1.0, 0.0, 0.0], [0.0, 17.0, 0.0, 0.0, 0.0, 0.0, 0.0, 0.0, 0.0, 0.0], [2.0, 0.0, 25.0, 0.0, 0.0, 0.0, 0.0, 0.0, 0.0, 0.0], [0.0, 0.0, 0.0, 14.0, 0.0, 0.0, 0.0, 0.0, 0.0, 0.0], [1.0, 0.0, 0.0, 0.0, 33.0, 0.0, 0.0, 0.0, 0.0, 0.0], [1.0, 0.0, 0.0, 0.0, 0.0, 50.0, 0.0, 0.0, 0.0, 0.0], [1.0, 0.0, 0.0, 0.0, 0.0, 0.0, 49.0, 0.0, 0.0, 0.0], [0.0, 0.0, 0.0, 0.0, 0.0, 0.0, 0.0, 4.0, 0.0, 0.0], [0.0, 0.0, 0.0, 0.0, 0.0, 0.0, 0.0, 5.0, 0.0, 0.0], [1.0, 0.0, 0.0, 0.0, 0.0, 0.0, 0.0, 0.0, 0.0, 0.0]]","[[0.9328358208955224, 0.022388059701492536, 0.007462686567164179, 0.014925373134328358, 0.0, 0.014925373134328358, 0.0, 0.007462686567164179, 0.0, 0.0], [0.0, 1.0, 0.0, 0.0, 0.0, 0.0, 0.0, 0.0, 0.0, 0.0], [0.07407407407407407, 0.0, 0.9259259259259259, 0.0, 0.0, 0.0, 0.0, 0.0, 0.0, 0.0], [0.0, 0.0, 0.0, 1.0, 0.0, 0.0, 0.0, 0.0, 0.0, 0.0], [0.029411764705882353, 0.0, 0.0, 0.0, 0.9705882352941176, 0.0, 0.0, 0.0, 0.0, 0.0], [0.0196078431372549, 0.0, 0.0, 0.0, 0.0, 0.9803921568627451, 0.0, 0.0, 0.0, 0.0], [0.02, 0.0, 0.0, 0.0, 0.0, 0.0, 0.98, 0.0, 0.0, 0.0], [0.0, 0.0, 0.0, 0.0, 0.0, 0.0, 0.0, 1.0, 0.0, 0.0], [0.0, 0.0, 0.0, 0.0, 0.0, 0.0, 0.0, 1.0, 0.0, 0.0], [1.0, 0.0, 0.0, 0.0, 0.0, 0.0, 0.0, 0.0, 0.0, 0.0]]","[""BENIGN"", ""FTP-PATATOR"", ""DOS GOLDENEYE"", ""SSH-PATATOR"", ""DDOS"", ""PORTSCAN"", ""DOS HULK"", ""WEB ATTACK \ufffd XSS"", ""WEB ATTACK \ufffd BRUTE FORCE"", ""WEB ATTACK \ufffd SQL INJECTION""]",0.06716417910447761,0.9909317971084627,0.41276466846466064,0.9758454106280193,0.06716417910447761,0.41276466846466064,,11.842009807184171,12.402249745891286,1.9048399735825687,190.4840006630234,136.88745800754987,1,0.01,64,,,,,,,,,,,,False,False,,
5,6,1682,10,0.15980838735898337,0.9406528189910979,0.15823748211065927,0.9525222551928784,0.7269827761443225,0.740709320013383,0.740709320013383,0.05970149253731338,"{""0"": 0.9581749049429658, ""1"": 0.9444444444444444, ""2"": 0.9642857142857143, ""3"": 0.9333333333333333, ""4"": 0.9696969696969697, ""5"": 0.9803921568627451, ""6"": 0.9900990099009901, ""7"": 0.0, ""8"": 0.6666666666666666, ""9"": 0.0}","{""0"": 0.9767441860465116, ""1"": 0.8947368421052632, ""2"": 0.9310344827586207, ""3"": 0.875, ""4"": 1.0, ""5"": 0.9803921568627451, ""6"": 0.9803921568627451, ""7"": 0.0, ""8"": 0.5, ""9"": 0.0}","{""0"": 0.9402985074626866, ""1"": 1.0, ""2"": 1.0, ""3"": 1.0, ""4"": 0.9411764705882353, ""5"": 0.9803921568627451, ""6"": 1.0, ""7"": 0.0, ""8"": 1.0, ""9"": 0.0}","[[126.0, 2.0, 1.0, 2.0, 0.0, 1.0, 1.0, 0.0, 1.0, 0.0], [0.0, 17.0, 0.0, 0.0, 0.0, 0.0, 0.0, 0.0, 0.0, 0.0], [0.0, 0.0, 27.0, 0.0, 0.0, 0.0, 0.0, 0.0, 0.0, 0.0], [0.0, 0.0, 0.0, 14.0, 0.0, 0.0, 0.0, 0.0, 0.0, 0.0], [2.0, 0.0, 0.0, 0.0, 32.0, 0.0, 0.0, 0.0, 0.0, 0.0], [1.0, 0.0, 0.0, 0.0, 0.0, 50.0, 0.0, 0.0, 0.0, 0.0], [0.0, 0.0, 0.0, 0.0, 0.0, 0.0, 50.0, 0.0, 0.0, 0.0], [0.0, 0.0, 0.0, 0.0, 0.0, 0.0, 0.0, 0.0, 4.0, 0.0], [0.0, 0.0, 0.0, 0.0, 0.0, 0.0, 0.0, 0.0, 5.0, 0.0], [0.0, 0.0, 1.0, 0.0, 0.0, 0.0, 0.0, 0.0, 0.0, 0.0]]","[[0.9402985074626866, 0.014925373134328358, 0.007462686567164179, 0.014925373134328358, 0.0, 0.007462686567164179, 0.007462686567164179, 0.0, 0.007462686567164179, 0.0], [0.0, 1.0, 0.0, 0.0, 0.0, 0.0, 0.0, 0.0, 0.0, 0.0], [0.0, 0.0, 1.0, 0.0, 0.0, 0.0, 0.0, 0.0, 0.0, 0.0], [0.0, 0.0, 0.0, 1.0, 0.0, 0.0, 0.0, 0.0, 0.0, 0.0], [0.058823529411764705, 0.0, 0.0, 0.0, 0.9411764705882353, 0.0, 0.0, 0.0, 0.0, 0.0], [0.0196078431372549, 0.0, 0.0, 0.0, 0.0, 0.9803921568627451, 0.0, 0.0, 0.0, 0.0], [0.0, 0.0, 0.0, 0.0, 0.0, 0.0, 1.0, 0.0, 0.0, 0.0], [0.0, 0.0, 0.0, 0.0, 0.0, 0.0, 0.0, 0.0, 1.0, 0.0], [0.0, 0.0, 0.0, 0.0, 0.0, 0.0, 0.0, 0.0, 1.0, 0.0], [0.0, 0.0, 1.0, 0.0, 0.0, 0.0, 0.0, 0.0, 0.0, 0.0]]","[""BENIGN"", ""FTP-PATATOR"", ""DOS GOLDENEYE"", ""SSH-PATATOR"", ""DDOS"", ""PORTSCAN"", ""DOS HULK"", ""WEB ATTACK \ufffd XSS"", ""WEB ATTACK \ufffd BRUTE FORCE"", ""WEB ATTACK \ufffd SQL INJECTION""]",0.08955223880597014,0.9917097987824255,0.3722202181816101,0.9663461538461539,0.08955223880597014,0.3722202181816101,,12.41794042833044,12.877702218220184,1.8616483530222896,186.1648452052683,141.78137498674914,1,0.01,64,,,,,,,,,,,,False,False,,
5,7,1682,10,0.14935525817175707,0.9465875370919882,0.19387861341238022,0.9376854599406528,0.7283374648251868,0.7327242789603657,0.7327242789603657,0.05970149253731338,"{""0"": 0.9402985074626866, ""1"": 0.9444444444444444, ""2"": 0.9642857142857143, ""3"": 0.9655172413793104, ""4"": 0.8852459016393442, ""5"": 0.9803921568627451, ""6"": 0.9803921568627451, ""7"": 0.0, ""8"": 0.6666666666666666, ""9"": 0.0}","{""0"": 0.9402985074626866, ""1"": 0.8947368421052632, ""2"": 0.9310344827586207, ""3"": 0.9333333333333333, ""4"": 1.0, ""5"": 0.9803921568627451, ""6"": 0.9615384615384616, ""7"": 0.0, ""8"": 0.5, ""9"": 0.0}","{""0"": 0.9402985074626866, ""1"": 1.0, ""2"": 1.0, ""3"": 1.0, ""4"": 0.7941176470588235, ""5"": 0.9803921568627451, ""6"": 1.0, ""7"": 0.0, ""8"": 1.0, ""9"": 0.0}","[[126.0, 2.0, 1.0, 1.0, 0.0, 1.0, 2.0, 0.0, 1.0, 0.0], [0.0, 17.0, 0.0, 0.0, 0.0, 0.0, 0.0, 0.0, 0.0, 0.0], [0.0, 0.0, 27.0, 0.0, 0.0, 0.0, 0.0, 0.0, 0.0, 0.0], [0.0, 0.0, 0.0, 14.0, 0.0, 0.0, 0.0, 0.0, 0.0, 0.0], [7.0, 0.0, 0.0, 0.0, 27.0, 0.0, 0.0, 0.0, 0.0, 0.0], [1.0, 0.0, 0.0, 0.0, 0.0, 50.0, 0.0, 0.0, 0.0, 0.0], [0.0, 0.0, 0.0, 0.0, 0.0, 0.0, 50.0, 0.0, 0.0, 0.0], [0.0, 0.0, 0.0, 0.0, 0.0, 0.0, 0.0, 0.0, 4.0, 0.0], [0.0, 0.0, 0.0, 0.0, 0.0, 0.0, 0.0, 0.0, 5.0, 0.0], [0.0, 0.0, 1.0, 0.0, 0.0, 0.0, 0.0, 0.0, 0.0, 0.0]]","[[0.9402985074626866, 0.014925373134328358, 0.007462686567164179, 0.007462686567164179, 0.0, 0.007462686567164179, 0.014925373134328358, 0.0, 0.007462686567164179, 0.0], [0.0, 1.0, 0.0, 0.0, 0.0, 0.0, 0.0, 0.0, 0.0, 0.0], [0.0, 0.0, 1.0, 0.0, 0.0, 0.0, 0.0, 0.0, 0.0, 0.0], [0.0, 0.0, 0.0, 1.0, 0.0, 0.0, 0.0, 0.0, 0.0, 0.0], [0.20588235294117646, 0.0, 0.0, 0.0, 0.7941176470588235, 0.0, 0.0, 0.0, 0.0, 0.0], [0.0196078431372549, 0.0, 0.0, 0.0, 0.0, 0.9803921568627451, 0.0, 0.0, 0.0, 0.0], [0.0, 0.0, 0.0, 0.0, 0.0, 0.0, 1.0, 0.0, 0.0, 0.0], [0.0, 0.0, 0.0, 0.0, 0.0, 0.0, 0.0, 0.0, 1.0, 0.0], [0.0, 0.0, 0.0, 0.0, 0.0, 0.0, 0.0, 0.0, 1.0, 0.0], [0.0, 0.0, 1.0, 0.0, 0.0, 0.0, 0.0, 0.0, 0.0, 0.0]]","[""BENIGN"", ""FTP-PATATOR"", ""DOS GOLDENEYE"", ""SSH-PATATOR"", ""DDOS"", ""PORTSCAN"", ""DOS HULK"", ""WEB ATTACK \ufffd XSS"", ""WEB ATTACK \ufffd BRUTE FORCE"", ""WEB ATTACK \ufffd SQL INJECTION""]",0.14925373134328357,0.9866288361943688,0.02120727300643921,0.9530516431924883,0.14925373134328357,0.02120727300643921,,12.892216294066577,13.370245102260808,1.9942707481438846,199.42707441211547,132.22662500629667,1,0.01,64,,,,,,,,,,,,False,False,,
5,8,1682,10,0.14189115539193153,0.9525222551928784,0.17412152886390686,0.9465875370919882,0.742868690082154,0.7331624363274063,0.7331624363274063,0.07462686567164178,"{""0"": 0.9501915708812261, ""1"": 0.918918918918919, ""2"": 0.9433962264150944, ""3"": 0.9333333333333333, ""4"": 1.0, ""5"": 0.9803921568627451, ""6"": 0.9803921568627451, ""7"": 0.0, ""8"": 0.625, ""9"": 0.0}","{""0"": 0.9763779527559056, ""1"": 0.85, ""2"": 0.9615384615384616, ""3"": 0.875, ""4"": 1.0, ""5"": 0.9803921568627451, ""6"": 0.9615384615384616, ""7"": 0.0, ""8"": 0.45454545454545453, ""9"": 0.0}","{""0"": 0.9253731343283582, ""1"": 1.0, ""2"": 0.9259259259259259, ""3"": 1.0, ""4"": 1.0, ""5"": 0.9803921568627451, ""6"": 1.0, ""7"": 0.0, ""8"": 1.0, ""9"": 0.0}","[[124.0, 3.0, 1.0, 2.0, 0.0, 1.0, 2.0, 0.0, 1.0, 0.0], [0.0, 17.0, 0.0, 0.0, 0.0, 0.0, 0.0, 0.0, 0.0, 0.0], [1.0, 0.0, 25.0, 0.0, 0.0, 0.0, 0.0, 0.0, 1.0, 0.0], [0.0, 0.0, 0.0, 14.0, 0.0, 0.0, 0.0, 0.0, 0.0, 0.0], [0.0, 0.0, 0.0, 0.0, 34.0, 0.0, 0.0, 0.0, 0.0, 0.0], [1.0, 0.0, 0.0, 0.0, 0.0, 50.0, 0.0, 0.0, 0.0, 0.0], [0.0, 0.0, 0.0, 0.0, 0.0, 0.0, 50.0, 0.0, 0.0, 0.0], [0.0, 0.0, 0.0, 0.0, 0.0, 0.0, 0.0, 0.0, 4.0, 0.0], [0.0, 0.0, 0.0, 0.0, 0.0, 0.0, 0.0, 0.0, 5.0, 0.0], [1.0, 0.0, 0.0, 0.0, 0.0, 0.0, 0.0, 0.0, 0.0, 0.0]]","[[0.9253731343283582, 0.022388059701492536, 0.007462686567164179, 0.014925373134328358, 0.0, 0.007462686567164179, 0.014925373134328358, 0.0, 0.007462686567164179, 0.0], [0.0, 1.0, 0.0, 0.0, 0.0, 0.0, 0.0, 0.0, 0.0, 0.0], [0.037037037037037035, 0.0, 0.9259259259259259, 0.0, 0.0, 0.0, 0.0, 0.0, 0.037037037037037035, 0.0], [0.0, 0.0, 0.0, 1.0, 0.0, 0.0, 0.0, 0.0, 0.0, 0.0], [0.0, 0.0, 0.0, 0.0, 1.0, 0.0, 0.0, 0.0, 0.0, 0.0], [0.0196078431372549, 0.0, 0.0, 0.0, 0.0, 0.9803921568627451, 0.0, 0.0, 0.0, 0.0], [0.0, 0.0, 0.0, 0.0, 0.0, 0.0, 1.0, 0.0, 0.0, 0.0], [0.0, 0.0, 0.0, 0.0, 0.0, 0.0, 0.0, 0.0, 1.0, 0.0], [0.0, 0.0, 0.0, 0.0, 0.0, 0.0, 0.0, 0.0, 1.0, 0.0], [1.0, 0.0, 0.0, 0.0, 0.0, 0.0, 0.0, 0.0, 0.0, 0.0]]","[""BENIGN"", ""FTP-PATATOR"", ""DOS GOLDENEYE"", ""SSH-PATATOR"", ""DDOS"", ""PORTSCAN"", ""DOS HULK"", ""WEB ATTACK \ufffd XSS"", ""WEB ATTACK \ufffd BRUTE FORCE"", ""WEB ATTACK \ufffd SQL INJECTION""]",0.05970149253731343,0.983761441860743,0.7443658709526062,0.9707317073170731,0.05970149253731343,0.7443658709526062,,13.356352309650472,13.950074551773653,2.0637687381699,206.37687051018966,120.78174999624025,1,0.01,64,,,,,,,,,,,,False,False,,
5,9,1682,10,0.15333916743596396,0.9495548961424333,0.1486650568743547,0.9495548961424333,0.7392463788736358,0.7331270427481402,0.7331270427481402,0.06716417910447758,"{""0"": 0.9541984732824428, ""1"": 0.9444444444444444, ""2"": 0.9818181818181818, ""3"": 0.9333333333333333, ""4"": 0.9850746268656716, ""5"": 0.970873786407767, ""6"": 0.9900990099009901, ""7"": 0.5714285714285714, ""8"": 0.0, ""9"": 0.0}","{""0"": 0.9765625, ""1"": 0.8947368421052632, ""2"": 0.9642857142857143, ""3"": 0.875, ""4"": 1.0, ""5"": 0.9615384615384616, ""6"": 0.9803921568627451, ""7"": 0.4, ""8"": 0.0, ""9"": 0.0}","{""0"": 0.9328358208955224, ""1"": 1.0, ""2"": 1.0, ""3"": 1.0, ""4"": 0.9705882352941176, ""5"": 0.9803921568627451, ""6"": 1.0, ""7"": 1.0, ""8"": 0.0, ""9"": 0.0}","[[125.0, 2.0, 1.0, 2.0, 0.0, 2.0, 1.0, 1.0, 0.0, 0.0], [0.0, 17.0, 0.0, 0.0, 0.0, 0.0, 0.0, 0.0, 0.0, 0.0], [0.0, 0.0, 27.0, 0.0, 0.0, 0.0, 0.0, 0.0, 0.0, 0.0], [0.0, 0.0, 0.0, 14.0, 0.0, 0.0, 0.0, 0.0, 0.0, 0.0], [1.0, 0.0, 0.0, 0.0, 33.0, 0.0, 0.0, 0.0, 0.0, 0.0], [1.0, 0.0, 0.0, 0.0, 0.0, 50.0, 0.0, 0.0, 0.0, 0.0], [0.0, 0.0, 0.0, 0.0, 0.0, 0.0, 50.0, 0.0, 0.0, 0.0], [0.0, 0.0, 0.0, 0.0, 0.0, 0.0, 0.0, 4.0, 0.0, 0.0], [0.0, 0.0, 0.0, 0.0, 0.0, 0.0, 0.0, 5.0, 0.0, 0.0], [1.0, 0.0, 0.0, 0.0, 0.0, 0.0, 0.0, 0.0, 0.0, 0.0]]","[[0.9328358208955224, 0.014925373134328358, 0.007462686567164179, 0.014925373134328358, 0.0, 0.014925373134328358, 0.007462686567164179, 0.007462686567164179, 0.0, 0.0], [0.0, 1.0, 0.0, 0.0, 0.0, 0.0, 0.0, 0.0, 0.0, 0.0], [0.0, 0.0, 1.0, 0.0, 0.0, 0.0, 0.0, 0.0, 0.0, 0.0], [0.0, 0.0, 0.0, 1.0, 0.0, 0.0, 0.0, 0.0, 0.0, 0.0], [0.029411764705882353, 0.0, 0.0, 0.0, 0.9705882352941176, 0.0, 0.0, 0.0, 0.0, 0.0], [0.0196078431372549, 0.0, 0.0, 0.0, 0.0, 0.9803921568627451, 0.0, 0.0, 0.0, 0.0], [0.0, 0.0, 0.0, 0.0, 0.0, 0.0, 1.0, 0.0, 0.0, 0.0], [0.0, 0.0, 0.0, 0.0, 0.0, 0.0, 0.0, 1.0, 0.0, 0.0], [0.0, 0.0, 0.0, 0.0, 0.0, 0.0, 0.0, 1.0, 0.0, 0.0], [1.0, 0.0, 0.0, 0.0, 0.0, 0.0, 0.0, 0.0, 0.0, 0.0]]","[""BENIGN"", ""FTP-PATATOR"", ""DOS GOLDENEYE"", ""SSH-PATATOR"", ""DDOS"", ""PORTSCAN"", ""DOS HULK"", ""WEB ATTACK \ufffd XSS"", ""WEB ATTACK \ufffd BRUTE FORCE"", ""WEB ATTACK \ufffd SQL INJECTION""]",0.08955223880597014,0.9905485556452862,0.22064542770385742,0.9688249400479616,0.08955223880597014,0.22064542770385742,,13.765823897030065,14.261232154650962,1.9906659375509004,199.06659973809423,124.59124998713378,1,0.01,64,,,,,,,,,,,,False,False,,
5,10,1682,10,0.13526858141024908,0.9554896142433235,0.17218992610772452,0.9228486646884273,0.7426267033409167,0.698750957549716,0.698750957549716,0.04477611940298509,"{""0"": 0.920863309352518, ""1"": 0.9444444444444444, ""2"": 0.9818181818181818, ""3"": 0.6, ""4"": 0.9032258064516129, ""5"": 0.9803921568627451, ""6"": 0.9900990099009901, ""7"": 0.0, ""8"": 0.6666666666666666, ""9"": 0.0}","{""0"": 0.8888888888888888, ""1"": 0.8947368421052632, ""2"": 0.9642857142857143, ""3"": 1.0, ""4"": 1.0, ""5"": 0.9803921568627451, ""6"": 0.9803921568627451, ""7"": 0.0, ""8"": 0.5, ""9"": 0.0}","{""0"": 0.9552238805970149, ""1"": 1.0, ""2"": 1.0, ""3"": 0.42857142857142855, ""4"": 0.8235294117647058, ""5"": 0.9803921568627451, ""6"": 1.0, ""7"": 0.0, ""8"": 1.0, ""9"": 0.0}","[[128.0, 2.0, 1.0, 0.0, 0.0, 1.0, 1.0, 0.0, 1.0, 0.0], [0.0, 17.0, 0.0, 0.0, 0.0, 0.0, 0.0, 0.0, 0.0, 0.0], [0.0, 0.0, 27.0, 0.0, 0.0, 0.0, 0.0, 0.0, 0.0, 0.0], [8.0, 0.0, 0.0, 6.0, 0.0, 0.0, 0.0, 0.0, 0.0, 0.0], [6.0, 0.0, 0.0, 0.0, 28.0, 0.0, 0.0, 0.0, 0.0, 0.0], [1.0, 0.0, 0.0, 0.0, 0.0, 50.0, 0.0, 0.0, 0.0, 0.0], [0.0, 0.0, 0.0, 0.0, 0.0, 0.0, 50.0, 0.0, 0.0, 0.0], [0.0, 0.0, 0.0, 0.0, 0.0, 0.0, 0.0, 0.0, 4.0, 0.0], [0.0, 0.0, 0.0, 0.0, 0.0, 0.0, 0.0, 0.0, 5.0, 0.0], [1.0, 0.0, 0.0, 0.0, 0.0, 0.0, 0.0, 0.0, 0.0, 0.0]]","[[0.9552238805970149, 0.014925373134328358, 0.007462686567164179, 0.0, 0.0, 0.007462686567164179, 0.007462686567164179, 0.0, 0.007462686567164179, 0.0], [0.0, 1.0, 0.0, 0.0, 0.0, 0.0, 0.0, 0.0, 0.0, 0.0], [0.0, 0.0, 1.0, 0.0, 0.0, 0.0, 0.0, 0.0, 0.0, 0.0], [0.5714285714285714, 0.0, 0.0, 0.42857142857142855, 0.0, 0.0, 0.0, 0.0, 0.0, 0.0], [0.17647058823529413, 0.0, 0.0, 0.0, 0.8235294117647058, 0.0, 0.0, 0.0, 0.0, 0.0], [0.0196078431372549, 0.0, 0.0, 0.0, 0.0, 0.9803921568627451, 0.0, 0.0, 0.0, 0.0], [0.0, 0.0, 0.0, 0.0, 0.0, 0.0, 1.0, 0.0, 0.0, 0.0], [0.0, 0.0, 0.0, 0.0, 0.0, 0.0, 0.0, 0.0, 1.0, 0.0], [0.0, 0.0, 0.0, 0.0, 0.0, 0.0, 0.0, 0.0, 1.0, 0.0], [1.0, 0.0, 0.0, 0.0, 0.0, 0.0, 0.0, 0.0, 0.0, 0.0]]","[""BENIGN"", ""FTP-PATATOR"", ""DOS GOLDENEYE"", ""SSH-PATATOR"", ""DDOS"", ""PORTSCAN"", ""DOS HULK"", ""WEB ATTACK \ufffd XSS"", ""WEB ATTACK \ufffd BRUTE FORCE"", ""WEB ATTACK \ufffd SQL INJECTION""]",0.13432835820895522,0.9921786933648797,0.019987940788269043,0.9575471698113207,0.13432835820895522,0.019987940788269043,,14.161116204180685,14.555659944520283,2.0298917816710524,202.9891812302646,115.58604099263903,1,0.01,64,,,,,,,,,,,,False,False,,
5,11,1682,10,0.11542941847195227,0.9614243323442137,0.15043953247368336,0.9525222551928784,0.7494717168752947,0.7346156533003066,0.7346156533003066,0.05970149253731338,"{""0"": 0.9618320610687023, ""1"": 0.9444444444444444, ""2"": 0.9473684210526315, ""3"": 0.9655172413793104, ""4"": 0.9850746268656716, ""5"": 0.9803921568627451, ""6"": 0.9900990099009901, ""7"": 0.5714285714285714, ""8"": 0.0, ""9"": 0.0}","{""0"": 0.984375, ""1"": 0.8947368421052632, ""2"": 0.9, ""3"": 0.9333333333333333, ""4"": 1.0, ""5"": 0.9803921568627451, ""6"": 0.9803921568627451, ""7"": 0.4, ""8"": 0.0, ""9"": 0.0}","{""0"": 0.9402985074626866, ""1"": 1.0, ""2"": 1.0, ""3"": 1.0, ""4"": 0.9705882352941176, ""5"": 0.9803921568627451, ""6"": 1.0, ""7"": 1.0, ""8"": 0.0, ""9"": 0.0}","[[126.0, 2.0, 2.0, 1.0, 0.0, 1.0, 1.0, 1.0, 0.0, 0.0], [0.0, 17.0, 0.0, 0.0, 0.0, 0.0, 0.0, 0.0, 0.0, 0.0], [0.0, 0.0, 27.0, 0.0, 0.0, 0.0, 0.0, 0.0, 0.0, 0.0], [0.0, 0.0, 0.0, 14.0, 0.0, 0.0, 0.0, 0.0, 0.0, 0.0], [1.0, 0.0, 0.0, 0.0, 33.0, 0.0, 0.0, 0.0, 0.0, 0.0], [1.0, 0.0, 0.0, 0.0, 0.0, 50.0, 0.0, 0.0, 0.0, 0.0], [0.0, 0.0, 0.0, 0.0, 0.0, 0.0, 50.0, 0.0, 0.0, 0.0], [0.0, 0.0, 0.0, 0.0, 0.0, 0.0, 0.0, 4.0, 0.0, 0.0], [0.0, 0.0, 0.0, 0.0, 0.0, 0.0, 0.0, 5.0, 0.0, 0.0], [0.0, 0.0, 1.0, 0.0, 0.0, 0.0, 0.0, 0.0, 0.0, 0.0]]","[[0.9402985074626866, 0.014925373134328358, 0.014925373134328358, 0.007462686567164179, 0.0, 0.007462686567164179, 0.007462686567164179, 0.007462686567164179, 0.0, 0.0], [0.0, 1.0, 0.0, 0.0, 0.0, 0.0, 0.0, 0.0, 0.0, 0.0], [0.0, 0.0, 1.0, 0.0, 0.0, 0.0, 0.0, 0.0, 0.0, 0.0], [0.0, 0.0, 0.0, 1.0, 0.0, 0.0, 0.0, 0.0, 0.0, 0.0], [0.029411764705882353, 0.0, 0.0, 0.0, 0.9705882352941176, 0.0, 0.0, 0.0, 0.0, 0.0], [0.0196078431372549, 0.0, 0.0, 0.0, 0.0, 0.9803921568627451, 0.0, 0.0, 0.0, 0.0], [0.0, 0.0, 0.0, 0.0, 0.0, 0.0, 1.0, 0.0, 0.0, 0.0], [0.0, 0.0, 0.0, 0.0, 0.0, 0.0, 0.0, 1.0, 0.0, 0.0], [0.0, 0.0, 0.0, 0.0, 0.0, 0.0, 0.0, 1.0, 0.0, 0.0], [0.0, 0.0, 1.0, 0.0, 0.0, 0.0, 0.0, 0.0, 0.0, 0.0]]","[""BENIGN"", ""FTP-PATATOR"", ""DOS GOLDENEYE"", ""SSH-PATATOR"", ""DDOS"", ""PORTSCAN"", ""DOS HULK"", ""WEB ATTACK \ufffd XSS"", ""WEB ATTACK \ufffd BRUTE FORCE"", ""WEB ATTACK \ufffd SQL INJECTION""]",0.13432835820895522,0.99406679491652,0.05454927682876587,0.9575471698113207,0.13432835820895522,0.05454927682876587,,14.538624945999677,14.94612149902052,1.8708960993935662,187.0896115218865,119.69725000381004,1,0.01,64,,,,,,,,,,,,False,False,,
5,12,1682,10,0.13602065605421862,0.9465875370919882,0.12553206582864126,0.9525222551928784,0.729198288054431,0.7330889918190172,0.7330889918190172,0.05970149253731338,"{""0"": 0.9618320610687023, ""1"": 0.9444444444444444, ""2"": 0.9642857142857143, ""3"": 0.9333333333333333, ""4"": 0.9850746268656716, ""5"": 0.9803921568627451, ""6"": 0.9900990099009901, ""7"": 0.5714285714285714, ""8"": 0.0, ""9"": 0.0}","{""0"": 0.984375, ""1"": 0.8947368421052632, ""2"": 0.9310344827586207, ""3"": 0.875, ""4"": 1.0, ""5"": 0.9803921568627451, ""6"": 0.9803921568627451, ""7"": 0.4, ""8"": 0.0, ""9"": 0.0}","{""0"": 0.9402985074626866, ""1"": 1.0, ""2"": 1.0, ""3"": 1.0, ""4"": 0.9705882352941176, ""5"": 0.9803921568627451, ""6"": 1.0, ""7"": 1.0, ""8"": 0.0, ""9"": 0.0}","[[126.0, 2.0, 1.0, 2.0, 0.0, 1.0, 1.0, 1.0, 0.0, 0.0], [0.0, 17.0, 0.0, 0.0, 0.0, 0.0, 0.0, 0.0, 0.0, 0.0], [0.0, 0.0, 27.0, 0.0, 0.0, 0.0, 0.0, 0.0, 0.0, 0.0], [0.0, 0.0, 0.0, 14.0, 0.0, 0.0, 0.0, 0.0, 0.0, 0.0], [1.0, 0.0, 0.0, 0.0, 33.0, 0.0, 0.0, 0.0, 0.0, 0.0], [1.0, 0.0, 0.0, 0.0, 0.0, 50.0, 0.0, 0.0, 0.0, 0.0], [0.0, 0.0, 0.0, 0.0, 0.0, 0.0, 50.0, 0.0, 0.0, 0.0], [0.0, 0.0, 0.0, 0.0, 0.0, 0.0, 0.0, 4.0, 0.0, 0.0], [0.0, 0.0, 0.0, 0.0, 0.0, 0.0, 0.0, 5.0, 0.0, 0.0], [0.0, 0.0, 1.0, 0.0, 0.0, 0.0, 0.0, 0.0, 0.0, 0.0]]","[[0.9402985074626866, 0.014925373134328358, 0.007462686567164179, 0.014925373134328358, 0.0, 0.007462686567164179, 0.007462686567164179, 0.007462686567164179, 0.0, 0.0], [0.0, 1.0, 0.0, 0.0, 0.0, 0.0, 0.0, 0.0, 0.0, 0.0], [0.0, 0.0, 1.0, 0.0, 0.0, 0.0, 0.0, 0.0, 0.0, 0.0], [0.0, 0.0, 0.0, 1.0, 0.0, 0.0, 0.0, 0.0, 0.0, 0.0], [0.029411764705882353, 0.0, 0.0, 0.0, 0.9705882352941176, 0.0, 0.0, 0.0, 0.0, 0.0], [0.0196078431372549, 0.0, 0.0, 0.0, 0.0, 0.9803921568627451, 0.0, 0.0, 0.0, 0.0], [0.0, 0.0, 0.0, 0.0, 0.0, 0.0, 1.0, 0.0, 0.0, 0.0], [0.0, 0.0, 0.0, 0.0, 0.0, 0.0, 0.0, 1.0, 0.0, 0.0], [0.0, 0.0, 0.0, 0.0, 0.0, 0.0, 0.0, 1.0, 0.0, 0.0], [0.0, 0.0, 1.0, 0.0, 0.0, 0.0, 0.0, 0.0, 0.0, 0.0]]","[""BENIGN"", ""FTP-PATATOR"", ""DOS GOLDENEYE"", ""SSH-PATATOR"", ""DDOS"", ""PORTSCAN"", ""DOS HULK"", ""WEB ATTACK \ufffd XSS"", ""WEB ATTACK \ufffd BRUTE FORCE"", ""WEB ATTACK \ufffd SQL INJECTION""]",0.04477611940298507,0.9938857742788869,0.7483890056610107,0.972972972972973,0.04477611940298507,0.7483890056610107,,14.91477988562474,15.292088453795094,1.8691570947433702,186.91571095472148,129.48354199761525,1,0.01,64,,,,,,,,,,,,False,False,,
5,13,1682,10,0.12135514182349046,0.9584569732937686,0.14273148402571678,0.9584569732937686,0.7444738566873205,0.7436745508880146,0.7436745508880146,0.05970149253731338,"{""0"": 0.9655172413793104, ""1"": 0.918918918918919, ""2"": 0.9818181818181818, ""3"": 0.9333333333333333, ""4"": 1.0, ""5"": 0.9803921568627451, ""6"": 0.9900990099009901, ""7"": 0.0, ""8"": 0.6666666666666666, ""9"": 0.0}","{""0"": 0.9921259842519685, ""1"": 0.85, ""2"": 0.9642857142857143, ""3"": 0.875, ""4"": 1.0, ""5"": 0.9803921568627451, ""6"": 0.9803921568627451, ""7"": 0.0, ""8"": 0.5, ""9"": 0.0}","{""0"": 0.9402985074626866, ""1"": 1.0, ""2"": 1.0, ""3"": 1.0, ""4"": 1.0, ""5"": 0.9803921568627451, ""6"": 1.0, ""7"": 0.0, ""8"": 1.0, ""9"": 0.0}","[[126.0, 3.0, 0.0, 2.0, 0.0, 1.0, 1.0, 0.0, 1.0, 0.0], [0.0, 17.0, 0.0, 0.0, 0.0, 0.0, 0.0, 0.0, 0.0, 0.0], [0.0, 0.0, 27.0, 0.0, 0.0, 0.0, 0.0, 0.0, 0.0, 0.0], [0.0, 0.0, 0.0, 14.0, 0.0, 0.0, 0.0, 0.0, 0.0, 0.0], [0.0, 0.0, 0.0, 0.0, 34.0, 0.0, 0.0, 0.0, 0.0, 0.0], [1.0, 0.0, 0.0, 0.0, 0.0, 50.0, 0.0, 0.0, 0.0, 0.0], [0.0, 0.0, 0.0, 0.0, 0.0, 0.0, 50.0, 0.0, 0.0, 0.0], [0.0, 0.0, 0.0, 0.0, 0.0, 0.0, 0.0, 0.0, 4.0, 0.0], [0.0, 0.0, 0.0, 0.0, 0.0, 0.0, 0.0, 0.0, 5.0, 0.0], [0.0, 0.0, 1.0, 0.0, 0.0, 0.0, 0.0, 0.0, 0.0, 0.0]]","[[0.9402985074626866, 0.022388059701492536, 0.0, 0.014925373134328358, 0.0, 0.007462686567164179, 0.007462686567164179, 0.0, 0.007462686567164179, 0.0], [0.0, 1.0, 0.0, 0.0, 0.0, 0.0, 0.0, 0.0, 0.0, 0.0], [0.0, 0.0, 1.0, 0.0, 0.0, 0.0, 0.0, 0.0, 0.0, 0.0], [0.0, 0.0, 0.0, 1.0, 0.0, 0.0, 0.0, 0.0, 0.0, 0.0], [0.0, 0.0, 0.0, 0.0, 1.0, 0.0, 0.0, 0.0, 0.0, 0.0], [0.0196078431372549, 0.0, 0.0, 0.0, 0.0, 0.9803921568627451, 0.0, 0.0, 0.0, 0.0], [0.0, 0.0, 0.0, 0.0, 0.0, 0.0, 1.0, 0.0, 0.0, 0.0], [0.0, 0.0, 0.0, 0.0, 0.0, 0.0, 0.0, 0.0, 1.0, 0.0], [0.0, 0.0, 0.0, 0.0, 0.0, 0.0, 0.0, 0.0, 1.0, 0.0], [0.0, 0.0, 1.0, 0.0, 0.0, 0.0, 0.0, 0.0, 0.0, 0.0]]","[""BENIGN"", ""FTP-PATATOR"", ""DOS GOLDENEYE"", ""SSH-PATATOR"", ""DDOS"", ""PORTSCAN"", ""DOS HULK"", ""WEB ATTACK \ufffd XSS"", ""WEB ATTACK \ufffd BRUTE FORCE"", ""WEB ATTACK \ufffd SQL INJECTION""]",0.11194029850746269,0.986104962316629,0.013055920600891113,0.9643705463182898,0.11194029850746269,0.013055920600891113,,15.268824615873946,15.667787038680952,2.0652984570687285,206.52985546803154,186.44070900336374,1,0.01,64,,,,,,,,,,,,False,False,,
5,14,1682,10,0.10699061055978139,0.9525222551928784,0.11743131652474403,0.9554896142433235,0.7408178854451424,0.7352369792334545,0.7352369792334545,0.052238805970149294,"{""0"": 0.9657794676806084, ""1"": 0.9444444444444444, ""2"": 0.9818181818181818, ""3"": 0.9333333333333333, ""4"": 0.9850746268656716, ""5"": 0.9803921568627451, ""6"": 0.9900990099009901, ""7"": 0.5714285714285714, ""8"": 0.0, ""9"": 0.0}","{""0"": 0.9844961240310077, ""1"": 0.8947368421052632, ""2"": 0.9642857142857143, ""3"": 0.875, ""4"": 1.0, ""5"": 0.9803921568627451, ""6"": 0.9803921568627451, ""7"": 0.4, ""8"": 0.0, ""9"": 0.0}","{""0"": 0.9477611940298507, ""1"": 1.0, ""2"": 1.0, ""3"": 1.0, ""4"": 0.9705882352941176, ""5"": 0.9803921568627451, ""6"": 1.0, ""7"": 1.0, ""8"": 0.0, ""9"": 0.0}","[[127.0, 2.0, 0.0, 2.0, 0.0, 1.0, 1.0, 1.0, 0.0, 0.0], [0.0, 17.0, 0.0, 0.0, 0.0, 0.0, 0.0, 0.0, 0.0, 0.0], [0.0, 0.0, 27.0, 0.0, 0.0, 0.0, 0.0, 0.0, 0.0, 0.0], [0.0, 0.0, 0.0, 14.0, 0.0, 0.0, 0.0, 0.0, 0.0, 0.0], [1.0, 0.0, 0.0, 0.0, 33.0, 0.0, 0.0, 0.0, 0.0, 0.0], [1.0, 0.0, 0.0, 0.0, 0.0, 50.0, 0.0, 0.0, 0.0, 0.0], [0.0, 0.0, 0.0, 0.0, 0.0, 0.0, 50.0, 0.0, 0.0, 0.0], [0.0, 0.0, 0.0, 0.0, 0.0, 0.0, 0.0, 4.0, 0.0, 0.0], [0.0, 0.0, 0.0, 0.0, 0.0, 0.0, 0.0, 5.0, 0.0, 0.0], [0.0, 0.0, 1.0, 0.0, 0.0, 0.0, 0.0, 0.0, 0.0, 0.0]]","[[0.9477611940298507, 0.014925373134328358, 0.0, 0.014925373134328358, 0.0, 0.007462686567164179, 0.007462686567164179, 0.007462686567164179, 0.0, 0.0], [0.0, 1.0, 0.0, 0.0, 0.0, 0.0, 0.0, 0.0, 0.0, 0.0], [0.0, 0.0, 1.0, 0.0, 0.0, 0.0, 0.0, 0.0, 0.0, 0.0], [0.0, 0.0, 0.0, 1.0, 0.0, 0.0, 0.0, 0.0, 0.0, 0.0], [0.029411764705882353, 0.0, 0.0, 0.0, 0.9705882352941176, 0.0, 0.0, 0.0, 0.0, 0.0], [0.0196078431372549, 0.0, 0.0, 0.0, 0.0, 0.9803921568627451, 0.0, 0.0, 0.0, 0.0], [0.0, 0.0, 0.0, 0.0, 0.0, 0.0, 1.0, 0.0, 0.0, 0.0], [0.0, 0.0, 0.0, 0.0, 0.0, 0.0, 0.0, 1.0, 0.0, 0.0], [0.0, 0.0, 0.0, 0.0, 0.0, 0.0, 0.0, 1.0, 0.0, 0.0], [0.0, 0.0, 1.0, 0.0, 0.0, 0.0, 0.0, 0.0, 0.0, 0.0]]","[""BENIGN"", ""FTP-PATATOR"", ""DOS GOLDENEYE"", ""SSH-PATATOR"", ""DDOS"", ""PORTSCAN"", ""DOS HULK"", ""WEB ATTACK \ufffd XSS"", ""WEB ATTACK \ufffd BRUTE FORCE"", ""WEB ATTACK \ufffd SQL INJECTION""]",0.14925373134328357,0.9960708471870403,0.0014216899871826172,0.9530516431924883,0.14925373134328357,0.0014216899871826172,,15.596970330758896,16.063393011391273,2.008979045364172,200.89790451984885,134.5567919925088,1,0.01,64,,,,,,,,,,,,False,False,,
5,15,1682,10,0.11730411400397618,0.9584569732937686,0.1483712481955687,0.9584569732937686,0.7444738566873205,0.7451242146751357,0.7451242146751357,0.05970149253731338,"{""0"": 0.9618320610687023, ""1"": 0.918918918918919, ""2"": 1.0, ""3"": 0.9333333333333333, ""4"": 1.0, ""5"": 0.9803921568627451, ""6"": 0.9900990099009901, ""7"": 0.0, ""8"": 0.6666666666666666, ""9"": 0.0}","{""0"": 0.984375, ""1"": 0.85, ""2"": 1.0, ""3"": 0.875, ""4"": 1.0, ""5"": 0.9803921568627451, ""6"": 0.9803921568627451, ""7"": 0.0, ""8"": 0.5, ""9"": 0.0}","{""0"": 0.9402985074626866, ""1"": 1.0, ""2"": 1.0, ""3"": 1.0, ""4"": 1.0, ""5"": 0.9803921568627451, ""6"": 1.0, ""7"": 0.0, ""8"": 1.0, ""9"": 0.0}","[[126.0, 3.0, 0.0, 2.0, 0.0, 1.0, 1.0, 0.0, 1.0, 0.0], [0.0, 17.0, 0.0, 0.0, 0.0, 0.0, 0.0, 0.0, 0.0, 0.0], [0.0, 0.0, 27.0, 0.0, 0.0, 0.0, 0.0, 0.0, 0.0, 0.0], [0.0, 0.0, 0.0, 14.0, 0.0, 0.0, 0.0, 0.0, 0.0, 0.0], [0.0, 0.0, 0.0, 0.0, 34.0, 0.0, 0.0, 0.0, 0.0, 0.0], [1.0, 0.0, 0.0, 0.0, 0.0, 50.0, 0.0, 0.0, 0.0, 0.0], [0.0, 0.0, 0.0, 0.0, 0.0, 0.0, 50.0, 0.0, 0.0, 0.0], [0.0, 0.0, 0.0, 0.0, 0.0, 0.0, 0.0, 0.0, 4.0, 0.0], [0.0, 0.0, 0.0, 0.0, 0.0, 0.0, 0.0, 0.0, 5.0, 0.0], [1.0, 0.0, 0.0, 0.0, 0.0, 0.0, 0.0, 0.0, 0.0, 0.0]]","[[0.9402985074626866, 0.022388059701492536, 0.0, 0.014925373134328358, 0.0, 0.007462686567164179, 0.007462686567164179, 0.0, 0.007462686567164179, 0.0], [0.0, 1.0, 0.0, 0.0, 0.0, 0.0, 0.0, 0.0, 0.0, 0.0], [0.0, 0.0, 1.0, 0.0, 0.0, 0.0, 0.0, 0.0, 0.0, 0.0], [0.0, 0.0, 0.0, 1.0, 0.0, 0.0, 0.0, 0.0, 0.0, 0.0], [0.0, 0.0, 0.0, 0.0, 1.0, 0.0, 0.0, 0.0, 0.0, 0.0], [0.0196078431372549, 0.0, 0.0, 0.0, 0.0, 0.9803921568627451, 0.0, 0.0, 0.0, 0.0], [0.0, 0.0, 0.0, 0.0, 0.0, 0.0, 1.0, 0.0, 0.0, 0.0], [0.0, 0.0, 0.0, 0.0, 0.0, 0.0, 0.0, 0.0, 1.0, 0.0], [0.0, 0.0, 0.0, 0.0, 0.0, 0.0, 0.0, 0.0, 1.0, 0.0], [1.0, 0.0, 0.0, 0.0, 0.0, 0.0, 0.0, 0.0, 0.0, 0.0]]","[""BENIGN"", ""FTP-PATATOR"", ""DOS GOLDENEYE"", ""SSH-PATATOR"", ""DDOS"", ""PORTSCAN"", ""DOS HULK"", ""WEB ATTACK \ufffd XSS"", ""WEB ATTACK \ufffd BRUTE FORCE"", ""WEB ATTACK \ufffd SQL INJECTION""]",0.09701492537313433,0.9874910666766908,0.11479997634887695,0.9689737470167065,0.09701492537313433,0.11479997634887695,,15.952109740752991,16.2854336682703,1.9664784989887345,196.6478565703511,121.07133299286943,1,0.01,64,,,,,,,,,,,,False,False,,
5,16,1682,10,0.1178146048138539,0.9525222551928784,0.12889491890867552,0.9554896142433235,0.7361520090256294,0.7433556672628516,0.7433556672628516,0.052238805970149294,"{""0"": 0.9621212121212122, ""1"": 0.9444444444444444, ""2"": 0.9811320754716981, ""3"": 0.9333333333333333, ""4"": 0.9850746268656716, ""5"": 0.9803921568627451, ""6"": 0.9803921568627451, ""7"": 0.0, ""8"": 0.6666666666666666, ""9"": 0.0}","{""0"": 0.9769230769230769, ""1"": 0.8947368421052632, ""2"": 1.0, ""3"": 0.875, ""4"": 1.0, ""5"": 0.9803921568627451, ""6"": 0.9615384615384616, ""7"": 0.0, ""8"": 0.5, ""9"": 0.0}","{""0"": 0.9477611940298507, ""1"": 1.0, ""2"": 0.9629629629629629, ""3"": 1.0, ""4"": 0.9705882352941176, ""5"": 0.9803921568627451, ""6"": 1.0, ""7"": 0.0, ""8"": 1.0, ""9"": 0.0}","[[127.0, 2.0, 0.0, 2.0, 0.0, 1.0, 1.0, 0.0, 1.0, 0.0], [0.0, 17.0, 0.0, 0.0, 0.0, 0.0, 0.0, 0.0, 0.0, 0.0], [0.0, 0.0, 26.0, 0.0, 0.0, 0.0, 1.0, 0.0, 0.0, 0.0], [0.0, 0.0, 0.0, 14.0, 0.0, 0.0, 0.0, 0.0, 0.0, 0.0], [1.0, 0.0, 0.0, 0.0, 33.0, 0.0, 0.0, 0.0, 0.0, 0.0], [1.0, 0.0, 0.0, 0.0, 0.0, 50.0, 0.0, 0.0, 0.0, 0.0], [0.0, 0.0, 0.0, 0.0, 0.0, 0.0, 50.0, 0.0, 0.0, 0.0], [0.0, 0.0, 0.0, 0.0, 0.0, 0.0, 0.0, 0.0, 4.0, 0.0], [0.0, 0.0, 0.0, 0.0, 0.0, 0.0, 0.0, 0.0, 5.0, 0.0], [1.0, 0.0, 0.0, 0.0, 0.0, 0.0, 0.0, 0.0, 0.0, 0.0]]","[[0.9477611940298507, 0.014925373134328358, 0.0, 0.014925373134328358, 0.0, 0.007462686567164179, 0.007462686567164179, 0.0, 0.007462686567164179, 0.0], [0.0, 1.0, 0.0, 0.0, 0.0, 0.0, 0.0, 0.0, 0.0, 0.0], [0.0, 0.0, 0.9629629629629629, 0.0, 0.0, 0.0, 0.037037037037037035, 0.0, 0.0, 0.0], [0.0, 0.0, 0.0, 1.0, 0.0, 0.0, 0.0, 0.0, 0.0, 0.0], [0.029411764705882353, 0.0, 0.0, 0.0, 0.9705882352941176, 0.0, 0.0, 0.0, 0.0, 0.0], [0.0196078431372549, 0.0, 0.0, 0.0, 0.0, 0.9803921568627451, 0.0, 0.0, 0.0, 0.0], [0.0, 0.0, 0.0, 0.0, 0.0, 0.0, 1.0, 0.0, 0.0, 0.0], [0.0, 0.0, 0.0, 0.0, 0.0, 0.0, 0.0, 0.0, 1.0, 0.0], [0.0, 0.0, 0.0, 0.0, 0.0, 0.0, 0.0, 0.0, 1.0, 0.0], [1.0, 0.0, 0.0, 0.0, 0.0, 0.0, 0.0, 0.0, 0.0, 0.0]]","[""BENIGN"", ""FTP-PATATOR"", ""DOS GOLDENEYE"", ""SSH-PATATOR"", ""DDOS"", ""PORTSCAN"", ""DOS HULK"", ""WEB ATTACK \ufffd XSS"", ""WEB ATTACK \ufffd BRUTE FORCE"", ""WEB ATTACK \ufffd SQL INJECTION""]",0.06716417910447761,0.9936736937639999,0.27033138275146484,0.9758454106280193,0.06716417910447761,0.27033138275146484,,16.251447251869134,16.631975820344103,1.9916391909560136,199.16393032136176,114.97995900572278,1,0.01,64,,,,,,,,,,,,False,False,,
5,17,1682,10,0.09533908031880856,0.9614243323442137,0.12999446441729864,0.9436201780415431,0.7474694407024897,0.7111949871457734,0.7111949871457734,0.03731343283582089,"{""0"": 0.9485294117647058, ""1"": 0.9444444444444444, ""2"": 0.9818181818181818, ""3"": 0.6, ""4"": 1.0, ""5"": 0.9803921568627451, ""6"": 0.9900990099009901, ""7"": 0.0, ""8"": 0.6666666666666666, ""9"": 0.0}","{""0"": 0.9347826086956522, ""1"": 0.8947368421052632, ""2"": 0.9642857142857143, ""3"": 1.0, ""4"": 1.0, ""5"": 0.9803921568627451, ""6"": 0.9803921568627451, ""7"": 0.0, ""8"": 0.5, ""9"": 0.0}","{""0"": 0.9626865671641791, ""1"": 1.0, ""2"": 1.0, ""3"": 0.42857142857142855, ""4"": 1.0, ""5"": 0.9803921568627451, ""6"": 1.0, ""7"": 0.0, ""8"": 1.0, ""9"": 0.0}","[[129.0, 2.0, 0.0, 0.0, 0.0, 1.0, 1.0, 0.0, 1.0, 0.0], [0.0, 17.0, 0.0, 0.0, 0.0, 0.0, 0.0, 0.0, 0.0, 0.0], [0.0, 0.0, 27.0, 0.0, 0.0, 0.0, 0.0, 0.0, 0.0, 0.0], [8.0, 0.0, 0.0, 6.0, 0.0, 0.0, 0.0, 0.0, 0.0, 0.0], [0.0, 0.0, 0.0, 0.0, 34.0, 0.0, 0.0, 0.0, 0.0, 0.0], [1.0, 0.0, 0.0, 0.0, 0.0, 50.0, 0.0, 0.0, 0.0, 0.0], [0.0, 0.0, 0.0, 0.0, 0.0, 0.0, 50.0, 0.0, 0.0, 0.0], [0.0, 0.0, 0.0, 0.0, 0.0, 0.0, 0.0, 0.0, 4.0, 0.0], [0.0, 0.0, 0.0, 0.0, 0.0, 0.0, 0.0, 0.0, 5.0, 0.0], [0.0, 0.0, 1.0, 0.0, 0.0, 0.0, 0.0, 0.0, 0.0, 0.0]]","[[0.9626865671641791, 0.014925373134328358, 0.0, 0.0, 0.0, 0.007462686567164179, 0.007462686567164179, 0.0, 0.007462686567164179, 0.0], [0.0, 1.0, 0.0, 0.0, 0.0, 0.0, 0.0, 0.0, 0.0, 0.0], [0.0, 0.0, 1.0, 0.0, 0.0, 0.0, 0.0, 0.0, 0.0, 0.0], [0.5714285714285714, 0.0, 0.0, 0.42857142857142855, 0.0, 0.0, 0.0, 0.0, 0.0, 0.0], [0.0, 0.0, 0.0, 0.0, 1.0, 0.0, 0.0, 0.0, 0.0, 0.0], [0.0196078431372549, 0.0, 0.0, 0.0, 0.0, 0.9803921568627451, 0.0, 0.0, 0.0, 0.0], [0.0, 0.0, 0.0, 0.0, 0.0, 0.0, 1.0, 0.0, 0.0, 0.0], [0.0, 0.0, 0.0, 0.0, 0.0, 0.0, 0.0, 0.0, 1.0, 0.0], [0.0, 0.0, 0.0, 0.0, 0.0, 0.0, 0.0, 0.0, 1.0, 0.0], [0.0, 0.0, 1.0, 0.0, 0.0, 0.0, 0.0, 0.0, 0.0, 0.0]]","[""BENIGN"", ""FTP-PATATOR"", ""DOS GOLDENEYE"", ""SSH-PATATOR"", ""DDOS"", ""PORTSCAN"", ""DOS HULK"", ""WEB ATTACK \ufffd XSS"", ""WEB ATTACK \ufffd BRUTE FORCE"", ""WEB ATTACK \ufffd SQL INJECTION""]",0.09701492537313433,0.9957210374538242,0.04568362236022949,0.9665071770334929,0.09701492537313433,0.04568362236022949,,16.588744513999625,16.974897777006596,2.0107685589230515,201.0768602417255,123.86795900238212,1,0.01,64,,,,,,,,,,,,False,False,,
5,18,1682,10,0.09712199975425999,0.9584569732937686,0.1611872228483359,0.9495548961424333,0.746588351388022,0.7303862046902676,0.7303862046902676,0.05970149253731338,"{""0"": 0.9581749049429658, ""1"": 0.918918918918919, ""2"": 0.9818181818181818, ""3"": 0.9333333333333333, ""4"": 0.9696969696969697, ""5"": 0.9803921568627451, ""6"": 0.9900990099009901, ""7"": 0.5714285714285714, ""8"": 0.0, ""9"": 0.0}","{""0"": 0.9767441860465116, ""1"": 0.85, ""2"": 0.9642857142857143, ""3"": 0.875, ""4"": 1.0, ""5"": 0.9803921568627451, ""6"": 0.9803921568627451, ""7"": 0.4, ""8"": 0.0, ""9"": 0.0}","{""0"": 0.9402985074626866, ""1"": 1.0, ""2"": 1.0, ""3"": 1.0, ""4"": 0.9411764705882353, ""5"": 0.9803921568627451, ""6"": 1.0, ""7"": 1.0, ""8"": 0.0, ""9"": 0.0}","[[126.0, 3.0, 0.0, 2.0, 0.0, 1.0, 1.0, 1.0, 0.0, 0.0], [0.0, 17.0, 0.0, 0.0, 0.0, 0.0, 0.0, 0.0, 0.0, 0.0], [0.0, 0.0, 27.0, 0.0, 0.0, 0.0, 0.0, 0.0, 0.0, 0.0], [0.0, 0.0, 0.0, 14.0, 0.0, 0.0, 0.0, 0.0, 0.0, 0.0], [2.0, 0.0, 0.0, 0.0, 32.0, 0.0, 0.0, 0.0, 0.0, 0.0], [1.0, 0.0, 0.0, 0.0, 0.0, 50.0, 0.0, 0.0, 0.0, 0.0], [0.0, 0.0, 0.0, 0.0, 0.0, 0.0, 50.0, 0.0, 0.0, 0.0], [0.0, 0.0, 0.0, 0.0, 0.0, 0.0, 0.0, 4.0, 0.0, 0.0], [0.0, 0.0, 0.0, 0.0, 0.0, 0.0, 0.0, 5.0, 0.0, 0.0], [0.0, 0.0, 1.0, 0.0, 0.0, 0.0, 0.0, 0.0, 0.0, 0.0]]","[[0.9402985074626866, 0.022388059701492536, 0.0, 0.014925373134328358, 0.0, 0.007462686567164179, 0.007462686567164179, 0.007462686567164179, 0.0, 0.0], [0.0, 1.0, 0.0, 0.0, 0.0, 0.0, 0.0, 0.0, 0.0, 0.0], [0.0, 0.0, 1.0, 0.0, 0.0, 0.0, 0.0, 0.0, 0.0, 0.0], [0.0, 0.0, 0.0, 1.0, 0.0, 0.0, 0.0, 0.0, 0.0, 0.0], [0.058823529411764705, 0.0, 0.0, 0.0, 0.9411764705882353, 0.0, 0.0, 0.0, 0.0, 0.0], [0.0196078431372549, 0.0, 0.0, 0.0, 0.0, 0.9803921568627451, 0.0, 0.0, 0.0, 0.0], [0.0, 0.0, 0.0, 0.0, 0.0, 0.0, 1.0, 0.0, 0.0, 0.0], [0.0, 0.0, 0.0, 0.0, 0.0, 0.0, 0.0, 1.0, 0.0, 0.0], [0.0, 0.0, 0.0, 0.0, 0.0, 0.0, 0.0, 1.0, 0.0, 0.0], [0.0, 0.0, 1.0, 0.0, 0.0, 0.0, 0.0, 0.0, 0.0, 0.0]]","[""BENIGN"", ""FTP-PATATOR"", ""DOS GOLDENEYE"", ""SSH-PATATOR"", ""DDOS"", ""PORTSCAN"", ""DOS HULK"", ""WEB ATTACK \ufffd XSS"", ""WEB ATTACK \ufffd BRUTE FORCE"", ""WEB ATTACK \ufffd SQL INJECTION""]",0.13432835820895522,0.9870165215874614,0.014377295970916748,0.9575471698113207,0.13432835820895522,0.014377295970916748,,16.881225620804393,17.231194355694598,1.995494770389384,199.5494764733574,120.93241700495128,1,0.01,64,,,,,,,,,,,,False,False,,
5,19,1682,10,0.10808226404090722,0.9525222551928784,0.1193592045456171,0.9525222551928784,0.7319996166268734,0.7384091215274518,0.7384091215274518,0.08208955223880599,"{""0"": 0.9571984435797666, ""1"": 0.9444444444444444, ""2"": 0.9818181818181818, ""3"": 0.9333333333333333, ""4"": 0.9714285714285714, ""5"": 0.9807692307692307, ""6"": 0.9900990099009901, ""7"": 0.0, ""8"": 0.625, ""9"": 0.0}","{""0"": 1.0, ""1"": 0.8947368421052632, ""2"": 0.9642857142857143, ""3"": 0.875, ""4"": 0.9444444444444444, ""5"": 0.9622641509433962, ""6"": 0.9803921568627451, ""7"": 0.0, ""8"": 0.45454545454545453, ""9"": 0.0}","{""0"": 0.917910447761194, ""1"": 1.0, ""2"": 1.0, ""3"": 1.0, ""4"": 1.0, ""5"": 1.0, ""6"": 1.0, ""7"": 0.0, ""8"": 1.0, ""9"": 0.0}","[[123.0, 2.0, 0.0, 2.0, 2.0, 2.0, 1.0, 0.0, 2.0, 0.0], [0.0, 17.0, 0.0, 0.0, 0.0, 0.0, 0.0, 0.0, 0.0, 0.0], [0.0, 0.0, 27.0, 0.0, 0.0, 0.0, 0.0, 0.0, 0.0, 0.0], [0.0, 0.0, 0.0, 14.0, 0.0, 0.0, 0.0, 0.0, 0.0, 0.0], [0.0, 0.0, 0.0, 0.0, 34.0, 0.0, 0.0, 0.0, 0.0, 0.0], [0.0, 0.0, 0.0, 0.0, 0.0, 51.0, 0.0, 0.0, 0.0, 0.0], [0.0, 0.0, 0.0, 0.0, 0.0, 0.0, 50.0, 0.0, 0.0, 0.0], [0.0, 0.0, 0.0, 0.0, 0.0, 0.0, 0.0, 0.0, 4.0, 0.0], [0.0, 0.0, 0.0, 0.0, 0.0, 0.0, 0.0, 0.0, 5.0, 0.0], [0.0, 0.0, 1.0, 0.0, 0.0, 0.0, 0.0, 0.0, 0.0, 0.0]]","[[0.917910447761194, 0.014925373134328358, 0.0, 0.014925373134328358, 0.014925373134328358, 0.014925373134328358, 0.007462686567164179, 0.0, 0.014925373134328358, 0.0], [0.0, 1.0, 0.0, 0.0, 0.0, 0.0, 0.0, 0.0, 0.0, 0.0], [0.0, 0.0, 1.0, 0.0, 0.0, 0.0, 0.0, 0.0, 0.0, 0.0], [0.0, 0.0, 0.0, 1.0, 0.0, 0.0, 0.0, 0.0, 0.0, 0.0], [0.0, 0.0, 0.0, 0.0, 1.0, 0.0, 0.0, 0.0, 0.0, 0.0], [0.0, 0.0, 0.0, 0.0, 0.0, 1.0, 0.0, 0.0, 0.0, 0.0], [0.0, 0.0, 0.0, 0.0, 0.0, 0.0, 1.0, 0.0, 0.0, 0.0], [0.0, 0.0, 0.0, 0.0, 0.0, 0.0, 0.0, 0.0, 1.0, 0.0], [0.0, 0.0, 0.0, 0.0, 0.0, 0.0, 0.0, 0.0, 1.0, 0.0], [0.0, 0.0, 1.0, 0.0, 0.0, 0.0, 0.0, 0.0, 0.0, 0.0]]","[""BENIGN"", ""FTP-PATATOR"", ""DOS GOLDENEYE"", ""SSH-PATATOR"", ""DDOS"", ""PORTSCAN"", ""DOS HULK"", ""WEB ATTACK \ufffd XSS"", ""WEB ATTACK \ufffd BRUTE FORCE"", ""WEB ATTACK \ufffd SQL INJECTION""]",0.07462686567164178,0.9956566232122466,0.6427366137504578,0.9734939759036144,0.07462686567164178,0.6427366137504578,,17.220197358891728,17.608273827141126,1.9082280033406915,190.82281058449925,123.20433300919831,1,0.01,64,,,,,,,,,,,,False,False,,
5,20,1682,10,0.08708383763829868,0.9643916913946587,0.12983432784676552,0.9495548961424333,0.7479832974927891,0.7317542513051722,0.7317542513051722,0.05970149253731338,"{""0"": 0.9618320610687023, ""1"": 0.918918918918919, ""2"": 0.9615384615384616, ""3"": 0.9333333333333333, ""4"": 1.0, ""5"": 0.9803921568627451, ""6"": 0.9900990099009901, ""7"": 0.5714285714285714, ""8"": 0.0, ""9"": 0.0}","{""0"": 0.984375, ""1"": 0.85, ""2"": 1.0, ""3"": 0.875, ""4"": 1.0, ""5"": 0.9803921568627451, ""6"": 0.9803921568627451, ""7"": 0.4, ""8"": 0.0, ""9"": 0.0}","{""0"": 0.9402985074626866, ""1"": 1.0, ""2"": 0.9259259259259259, ""3"": 1.0, ""4"": 1.0, ""5"": 0.9803921568627451, ""6"": 1.0, ""7"": 1.0, ""8"": 0.0, ""9"": 0.0}","[[126.0, 3.0, 0.0, 2.0, 0.0, 1.0, 1.0, 1.0, 0.0, 0.0], [0.0, 17.0, 0.0, 0.0, 0.0, 0.0, 0.0, 0.0, 0.0, 0.0], [0.0, 0.0, 25.0, 0.0, 0.0, 0.0, 0.0, 0.0, 2.0, 0.0], [0.0, 0.0, 0.0, 14.0, 0.0, 0.0, 0.0, 0.0, 0.0, 0.0], [0.0, 0.0, 0.0, 0.0, 34.0, 0.0, 0.0, 0.0, 0.0, 0.0], [1.0, 0.0, 0.0, 0.0, 0.0, 50.0, 0.0, 0.0, 0.0, 0.0], [0.0, 0.0, 0.0, 0.0, 0.0, 0.0, 50.0, 0.0, 0.0, 0.0], [0.0, 0.0, 0.0, 0.0, 0.0, 0.0, 0.0, 4.0, 0.0, 0.0], [0.0, 0.0, 0.0, 0.0, 0.0, 0.0, 0.0, 5.0, 0.0, 0.0], [1.0, 0.0, 0.0, 0.0, 0.0, 0.0, 0.0, 0.0, 0.0, 0.0]]","[[0.9402985074626866, 0.022388059701492536, 0.0, 0.014925373134328358, 0.0, 0.007462686567164179, 0.007462686567164179, 0.007462686567164179, 0.0, 0.0], [0.0, 1.0, 0.0, 0.0, 0.0, 0.0, 0.0, 0.0, 0.0, 0.0], [0.0, 0.0, 0.9259259259259259, 0.0, 0.0, 0.0, 0.0, 0.0, 0.07407407407407407, 0.0], [0.0, 0.0, 0.0, 1.0, 0.0, 0.0, 0.0, 0.0, 0.0, 0.0], [0.0, 0.0, 0.0, 0.0, 1.0, 0.0, 0.0, 0.0, 0.0, 0.0], [0.0196078431372549, 0.0, 0.0, 0.0, 0.0, 0.9803921568627451, 0.0, 0.0, 0.0, 0.0], [0.0, 0.0, 0.0, 0.0, 0.0, 0.0, 1.0, 0.0, 0.0, 0.0], [0.0, 0.0, 0.0, 0.0, 0.0, 0.0, 0.0, 1.0, 0.0, 0.0], [0.0, 0.0, 0.0, 0.0, 0.0, 0.0, 0.0, 1.0, 0.0, 0.0], [1.0, 0.0, 0.0, 0.0, 0.0, 0.0, 0.0, 0.0, 0.0, 0.0]]","[""BENIGN"", ""FTP-PATATOR"", ""DOS GOLDENEYE"", ""SSH-PATATOR"", ""DDOS"", ""PORTSCAN"", ""DOS HULK"", ""WEB ATTACK \ufffd XSS"", ""WEB ATTACK \ufffd BRUTE FORCE"", ""WEB ATTACK \ufffd SQL INJECTION""]",0.07462686567164178,0.9926217402295948,0.4216223955154419,0.9734939759036144,0.07462686567164178,0.4216223955154419,,17.50747622380187,17.8310611256231,1.9893085944824669,198.9308684331648,134.83783398987725,1,0.01,64,,,,,,,,,,,,False,False,,
