client_id,round,dataset_size,n_classes,loss_before,acc_before,loss_after,acc_after,macro_f1_before,macro_f1_after,macro_f1_argmax,benign_fpr_argmax,f1_per_class_after,precision_per_class,recall_per_class,fpr_after,pr_auc_after,threshold_tau,f1_bin_tau,benign_fpr_bin_tau,tau_bin,seed,weight_norm_before,weight_norm_after,weight_update_norm,grad_norm_l2,t_fit_ms,epochs_completed,lr,batch_size,macro_f1_global,macro_f1_personalized,benign_fpr_global,benign_fpr_personalized,personalization_gain,dp_epsilon,dp_delta,dp_sigma,dp_clip_norm
6,1,1000,2,0.13190551474690437,0.955,0.0832203896716237,0.96,0.9549898727213624,0.95999599959996,0.95999599959996,0.050000000000000044,"{""0"": 0.9595959595959596, ""1"": 0.9603960396039604}","{""0"": 0.9693877551020408, ""1"": 0.9509803921568627}","{""0"": 0.95, ""1"": 0.97}",0.12,0.9925525712801303,0.08092910051345825,0.9433962264150944,0.12,0.08092910051345825,,6.762064382406614,7.492766551291106,0.0,0.6182809097111502,2114.4643050000695,1,0.01,64,,,,,,,,,
6,2,1000,2,0.07989082077983767,0.96,0.07567212069989182,0.96,0.95999599959996,0.95999599959996,0.95999599959996,0.030000000000000027,"{""0"": 0.9603960396039604, ""1"": 0.9595959595959596}","{""0"": 0.9509803921568627, ""1"": 0.9693877551020408}","{""0"": 0.97, ""1"": 0.95}",0.09,0.9954037574740304,0.10921818017959595,0.9468599033816425,0.09,0.10921818017959595,,7.4490432475414305,8.016517695472578,0.0,0.601542310075722,19.930332000058115,1,0.01,64,,,,,,,,,
6,3,1000,2,0.06686421515405527,0.955,0.08856446132995188,0.96,0.9549988749718743,0.95999599959996,0.95999599959996,0.050000000000000044,"{""0"": 0.9595959595959596, ""1"": 0.9603960396039604}","{""0"": 0.9693877551020408, ""1"": 0.9509803921568627}","{""0"": 0.95, ""1"": 0.97}",0.09,0.9955594488099341,0.14322155714035034,0.9519230769230769,0.09,0.14322155714035034,,7.95307904047043,8.217452549803376,0.0,0.4666544331362615,66.9663500000297,1,0.01,64,,,,,,,,,
6,4,1000,2,0.08823315007612109,0.96,0.09730336086613534,0.975,0.95999599959996,0.9749943737340903,0.9749943737340903,0.010000000000000009,"{""0"": 0.9753694581280788, ""1"": 0.9746192893401016}","{""0"": 0.9611650485436893, ""1"": 0.9896907216494846}","{""0"": 0.99, ""1"": 0.96}",0.08,0.9959126716933723,0.034851670265197754,0.9514563106796117,0.08,0.034851670265197754,,8.208557304992327,8.859134573150788,0.0,0.5114325341842691,54.030931000056626,1,0.01,64,,,,,,,,,
6,5,1000,2,0.0871428823829774,0.97,0.09801538610713578,0.98,0.9699879951980792,0.9799979997999799,0.9799979997999799,0.010000000000000009,"{""0"": 0.9801980198019802, ""1"": 0.9797979797979798}","{""0"": 0.9705882352941176, ""1"": 0.9897959183673469}","{""0"": 0.99, ""1"": 0.97}",0.09,0.9966160371956592,0.0016546249389648438,0.9519230769230769,0.09,0.0016546249389648438,,8.79990588392348,9.266792391077391,0.0,0.5292792672281988,56.32448599999407,1,0.01,64,,,,,,,,,
6,6,1000,2,0.0928587568828334,0.98,0.12371626748058873,0.97,0.9799979997999799,0.97,0.97,0.030000000000000027,"{""0"": 0.97, ""1"": 0.97}","{""0"": 0.97, ""1"": 0.97}","{""0"": 0.97, ""1"": 0.97}",0.14,0.9951723116912411,0.0020394325256347656,0.9345794392523364,0.14,0.0020394325256347656,,9.207882188289403,9.616774161522056,0.0,0.40066823280762076,62.58844700005284,1,0.01,64,,,,,,,,,
6,7,1000,2,0.12096667442524733,0.97,0.14566894381987083,0.97,0.97,0.96999699969997,0.96999699969997,0.040000000000000036,"{""0"": 0.9696969696969697, ""1"": 0.9702970297029703}","{""0"": 0.9795918367346939, ""1"": 0.9607843137254902}","{""0"": 0.96, ""1"": 0.98}",0.09,0.9947104824100654,0.028755247592926025,0.9519230769230769,0.09,0.028755247592926025,,9.579541179209244,9.904863665690138,0.0,0.43835973978856035,15.693037999994885,1,0.01,64,,,,,,,,,
6,8,1000,2,0.140310688118376,0.97,0.16153354989364566,0.955,0.96999699969997,0.9549898727213624,0.9549898727213624,0.06000000000000005,"{""0"": 0.9543147208121827, ""1"": 0.9556650246305419}","{""0"": 0.9690721649484536, ""1"": 0.941747572815534}","{""0"": 0.94, ""1"": 0.97}",0.05,0.995748340690134,0.7080991268157959,0.9603960396039604,0.05,0.7080991268157959,,9.89623509914274,10.175102155946442,0.0,0.4275126415107237,58.43814399997882,1,0.01,64,,,,,,,,,
6,9,1000,2,0.14786197606008145,0.965,0.17521508596827573,0.95,0.9649991249781245,0.9499799919967987,0.9499799919967987,0.06999999999999995,"{""0"": 0.9489795918367347, ""1"": 0.9509803921568627}","{""0"": 0.96875, ""1"": 0.9326923076923077}","{""0"": 0.93, ""1"": 0.97}",0.15,0.9956923069315213,0.004202067852020264,0.9252336448598131,0.15,0.004202067852020264,,10.1854513493024,10.575742812712772,0.0,0.3161337575185483,65.57162000001426,1,0.01,64,,,,,,,,,
6,10,1000,2,0.17033203237213712,0.96,0.22608804758237966,0.965,0.95999599959996,0.9649991249781245,0.9649991249781245,0.040000000000000036,"{""0"": 0.964824120603015, ""1"": 0.9651741293532339}","{""0"": 0.9696969696969697, ""1"": 0.9603960396039604}","{""0"": 0.96, ""1"": 0.97}",0.1,0.9958553891077132,0.00045555830001831055,0.9473684210526315,0.1,0.00045555830001831055,,10.520374665249449,11.048513040809006,0.0,0.3237154665079048,74.49207000001934,1,0.01,64,,,,,,,,,
6,11,1000,2,0.21109986157625826,0.965,0.15001622005365434,0.97,0.9649991249781245,0.96999699969997,0.96999699969997,0.040000000000000036,"{""0"": 0.9696969696969697, ""1"": 0.9702970297029703}","{""0"": 0.9795918367346939, ""1"": 0.9607843137254902}","{""0"": 0.96, ""1"": 0.98}",0.14,0.9955421851948998,2.8848648071289062e-05,0.9345794392523364,0.14,2.8848648071289062e-05,,11.013821262781306,11.07188365224925,0.0,0.5852919950770279,28.089074999911645,1,0.01,64,,,,,,,,,
6,12,1000,2,0.14156467968132325,0.965,0.2338246488943696,0.975,0.9649991249781245,0.9749993749843746,0.9749993749843746,0.030000000000000027,"{""0"": 0.9748743718592965, ""1"": 0.9751243781094527}","{""0"": 0.9797979797979798, ""1"": 0.9702970297029703}","{""0"": 0.97, ""1"": 0.98}",0.16,0.9864892943278993,1.52587890625e-05,0.9259259259259259,0.16,1.52587890625e-05,,11.088469039340351,11.604722148418,0.0,0.43264765715181847,27.494148999949175,1,0.01,64,,,,,,,,,
6,13,1000,2,0.21411323796201032,0.975,0.26727675972506404,0.96,0.9749993749843746,0.95999599959996,0.95999599959996,0.030000000000000027,"{""0"": 0.9603960396039604, ""1"": 0.9595959595959596}","{""0"": 0.9509803921568627, ""1"": 0.9693877551020408}","{""0"": 0.97, ""1"": 0.95}",0.08,0.9913126116699825,5.7220458984375e-06,0.9463414634146341,0.08,5.7220458984375e-06,,11.56258959211938,12.03257889948108,0.0,0.3741622592227679,88.77345600001263,1,0.01,64,,,,,,,,,
6,14,1000,2,0.24164430960081518,0.97,0.25350754249120655,0.98,0.97,0.9799979997999799,0.9799979997999799,0.010000000000000009,"{""0"": 0.9801980198019802, ""1"": 0.9797979797979798}","{""0"": 0.9705882352941176, ""1"": 0.9897959183673469}","{""0"": 0.99, ""1"": 0.97}",0.08,0.9859647815781418,3.7670135498046875e-05,0.9514563106796117,0.08,3.7670135498046875e-05,,12.028968453975784,12.197457175281652,0.0,0.3996816090509973,65.78121400002601,1,0.01,64,,,,,,,,,
6,15,1000,2,0.2419043014633644,0.98,0.3082246273152123,0.975,0.9799979997999799,0.9749993749843746,0.9749993749843746,0.020000000000000018,"{""0"": 0.9751243781094527, ""1"": 0.9748743718592965}","{""0"": 0.9702970297029703, ""1"": 0.9797979797979798}","{""0"": 0.98, ""1"": 0.97}",0.11,0.9874251967869807,2.6464462280273438e-05,0.9326923076923077,0.11,2.6464462280273438e-05,,12.135592739360401,12.245905148576377,0.0,0.4838305254661842,28.30736499993236,1,0.01,64,,,,,,,,,
6,16,1000,2,0.30692672589066206,0.97,0.32565033558785217,0.97,0.97,0.96999699969997,0.96999699969997,0.020000000000000018,"{""0"": 0.9702970297029703, ""1"": 0.9696969696969697}","{""0"": 0.9607843137254902, ""1"": 0.9795918367346939}","{""0"": 0.98, ""1"": 0.96}",0.09,0.9879014075111705,3.6954879760742188e-06,0.941747572815534,0.09,3.6954879760742188e-06,,12.261711726258044,12.838367543763002,0.0,0.29421722670557154,72.60828500000116,1,0.01,64,,,,,,,,,
6,17,1000,2,0.3266889401129447,0.97,0.3220322411507368,0.97,0.96999699969997,0.96999699969997,0.96999699969997,0.020000000000000018,"{""0"": 0.9702970297029703, ""1"": 0.9696969696969697}","{""0"": 0.9607843137254902, ""1"": 0.9795918367346939}","{""0"": 0.98, ""1"": 0.96}",0.06,0.9820896769070915,0.0030455589294433594,0.9556650246305419,0.06,0.0030455589294433594,,12.7821921326177,13.073417228557863,0.0,0.03385399162723194,89.59448000007342,1,0.01,64,,,,,,,,,
6,18,1000,2,0.31669849902391434,0.965,0.3232320705719758,0.965,0.9649991249781245,0.9649991249781245,0.9649991249781245,0.040000000000000036,"{""0"": 0.964824120603015, ""1"": 0.9651741293532339}","{""0"": 0.9696969696969697, ""1"": 0.9603960396039604}","{""0"": 0.96, ""1"": 0.97}",0.05,0.9867718354351758,0.2373194694519043,0.9655172413793104,0.05,0.2373194694519043,,13.051988036725774,13.442096849573684,0.0,0.2994664988382834,25.63555599999745,1,0.01,64,,,,,,,,,
6,19,1000,2,0.28896469430003435,0.97,0.34503942259004816,0.97,0.97,0.96999699969997,0.96999699969997,0.040000000000000036,"{""0"": 0.9696969696969697, ""1"": 0.9702970297029703}","{""0"": 0.9795918367346939, ""1"": 0.9607843137254902}","{""0"": 0.96, ""1"": 0.98}",0.13,0.9835342385046719,9.5367431640625e-07,0.9339622641509434,0.13,9.5367431640625e-07,,13.406395595016697,13.54069998971789,0.0,0.46182955937932607,50.71533500006353,1,0.01,64,,,,,,,,,
