client_id,round,dataset_size,n_classes,loss_before,acc_before,loss_after,acc_after,macro_f1_before,macro_f1_after,macro_f1_argmax,benign_fpr_argmax,f1_per_class_after,precision_per_class,recall_per_class,confusion_matrix_counts,confusion_matrix_normalized,confusion_matrix_class_names,fpr_after,pr_auc_after,threshold_tau,f1_bin_tau,benign_fpr_bin_tau,tau_bin,seed,weight_norm_before,weight_norm_after,weight_update_norm,grad_norm_l2,t_fit_ms,epochs_completed,lr,batch_size,macro_f1_global,macro_f1_personalized,benign_fpr_global,benign_fpr_personalized,personalization_gain,dp_epsilon,dp_delta,dp_sigma,dp_clip_norm,dp_sample_rate,dp_total_steps,dp_enabled,secure_aggregation,secure_aggregation_seed,secure_aggregation_mask_checksum
1,1,80331,15,2.812452597277505,0.061056824547208566,0.1349927187012139,0.9610381527354205,0.0225715634659622,0.6242904047254945,0.6242904047254945,0.0,"{""0"": 1.0, ""1"": 0.7936507936507936, ""2"": 0.9561998766193708, ""3"": 0.7842278203723987, ""4"": 0.8690476190476191, ""5"": 0.8217391304347826, ""6"": 0.9702970297029703, ""7"": 0.9664650907091809, ""8"": 0.9907038512616202, ""9"": 0.5061425061425061, ""10"": 0.0, ""11"": 0.0, ""12"": 0.0, ""13"": 0.7058823529411765, ""14"": 0.0}","{""0"": 1.0, ""1"": 0.7009345794392523, ""2"": 0.9160756501182034, ""3"": 0.6911196911196911, ""4"": 0.7684210526315789, ""5"": 0.6974169741697417, ""6"": 0.9423076923076923, ""7"": 1.0, ""8"": 0.9920212765957447, ""9"": 0.7744360902255639, ""10"": 0.0, ""11"": 0.0, ""12"": 0.0, ""13"": 1.0, ""14"": 0.0}","{""0"": 1.0, ""1"": 0.9146341463414634, ""2"": 1.0, ""3"": 0.9063291139240506, ""4"": 1.0, ""5"": 1.0, ""6"": 1.0, ""7"": 0.9351063829787234, ""8"": 0.9893899204244032, ""9"": 0.3759124087591241, ""10"": 0.0, ""11"": 0.0, ""12"": 0.0, ""13"": 0.5454545454545454, ""14"": 0.0}","[[11662.0, 0.0, 0.0, 0.0, 0.0, 0.0, 0.0, 0.0, 0.0, 0.0, 0.0, 0.0, 0.0, 0.0, 0.0], [0.0, 150.0, 0.0, 0.0, 0.0, 13.0, 1.0, 0.0, 0.0, 0.0, 0.0, 0.0, 0.0, 0.0, 0.0], [0.0, 0.0, 775.0, 0.0, 0.0, 0.0, 0.0, 0.0, 0.0, 0.0, 0.0, 0.0, 0.0, 0.0, 0.0], [0.0, 0.0, 0.0, 358.0, 0.0, 0.0, 7.0, 0.0, 0.0, 30.0, 0.0, 0.0, 0.0, 0.0, 0.0], [0.0, 0.0, 0.0, 0.0, 365.0, 0.0, 0.0, 0.0, 0.0, 0.0, 0.0, 0.0, 0.0, 0.0, 0.0], [0.0, 0.0, 0.0, 0.0, 0.0, 378.0, 0.0, 0.0, 0.0, 0.0, 0.0, 0.0, 0.0, 0.0, 0.0], [0.0, 0.0, 0.0, 0.0, 0.0, 0.0, 392.0, 0.0, 0.0, 0.0, 0.0, 0.0, 0.0, 0.0, 0.0], [0.0, 0.0, 61.0, 0.0, 0.0, 0.0, 0.0, 879.0, 0.0, 0.0, 0.0, 0.0, 0.0, 0.0, 0.0], [0.0, 0.0, 0.0, 0.0, 0.0, 0.0, 4.0, 0.0, 373.0, 0.0, 0.0, 0.0, 0.0, 0.0, 0.0], [0.0, 0.0, 0.0, 160.0, 0.0, 0.0, 11.0, 0.0, 0.0, 103.0, 0.0, 0.0, 0.0, 0.0, 0.0], [0.0, 0.0, 0.0, 0.0, 110.0, 0.0, 0.0, 0.0, 1.0, 0.0, 0.0, 0.0, 0.0, 0.0, 0.0], [0.0, 0.0, 0.0, 0.0, 0.0, 142.0, 0.0, 0.0, 0.0, 0.0, 0.0, 0.0, 0.0, 0.0, 0.0], [0.0, 64.0, 0.0, 0.0, 0.0, 9.0, 0.0, 0.0, 0.0, 0.0, 0.0, 0.0, 0.0, 0.0, 0.0], [0.0, 0.0, 2.0, 0.0, 0.0, 0.0, 1.0, 0.0, 2.0, 0.0, 0.0, 0.0, 0.0, 6.0, 0.0], [0.0, 0.0, 8.0, 0.0, 0.0, 0.0, 0.0, 0.0, 0.0, 0.0, 0.0, 0.0, 0.0, 0.0, 0.0]]","[[1.0, 0.0, 0.0, 0.0, 0.0, 0.0, 0.0, 0.0, 0.0, 0.0, 0.0, 0.0, 0.0, 0.0, 0.0], [0.0, 0.9146341463414634, 0.0, 0.0, 0.0, 0.07926829268292683, 0.006097560975609756, 0.0, 0.0, 0.0, 0.0, 0.0, 0.0, 0.0, 0.0], [0.0, 0.0, 1.0, 0.0, 0.0, 0.0, 0.0, 0.0, 0.0, 0.0, 0.0, 0.0, 0.0, 0.0, 0.0], [0.0, 0.0, 0.0, 0.9063291139240506, 0.0, 0.0, 0.017721518987341773, 0.0, 0.0, 0.0759493670886076, 0.0, 0.0, 0.0, 0.0, 0.0], [0.0, 0.0, 0.0, 0.0, 1.0, 0.0, 0.0, 0.0, 0.0, 0.0, 0.0, 0.0, 0.0, 0.0, 0.0], [0.0, 0.0, 0.0, 0.0, 0.0, 1.0, 0.0, 0.0, 0.0, 0.0, 0.0, 0.0, 0.0, 0.0, 0.0], [0.0, 0.0, 0.0, 0.0, 0.0, 0.0, 1.0, 0.0, 0.0, 0.0, 0.0, 0.0, 0.0, 0.0, 0.0], [0.0, 0.0, 0.06489361702127659, 0.0, 0.0, 0.0, 0.0, 0.9351063829787234, 0.0, 0.0, 0.0, 0.0, 0.0, 0.0, 0.0], [0.0, 0.0, 0.0, 0.0, 0.0, 0.0, 0.010610079575596816, 0.0, 0.9893899204244032, 0.0, 0.0, 0.0, 0.0, 0.0, 0.0], [0.0, 0.0, 0.0, 0.583941605839416, 0.0, 0.0, 0.040145985401459854, 0.0, 0.0, 0.3759124087591241, 0.0, 0.0, 0.0, 0.0, 0.0], [0.0, 0.0, 0.0, 0.0, 0.990990990990991, 0.0, 0.0, 0.0, 0.009009009009009009, 0.0, 0.0, 0.0, 0.0, 0.0, 0.0], [0.0, 0.0, 0.0, 0.0, 0.0, 1.0, 0.0, 0.0, 0.0, 0.0, 0.0, 0.0, 0.0, 0.0, 0.0], [0.0, 0.8767123287671232, 0.0, 0.0, 0.0, 0.1232876712328767, 0.0, 0.0, 0.0, 0.0, 0.0, 0.0, 0.0, 0.0, 0.0], [0.0, 0.0, 0.18181818181818182, 0.0, 0.0, 0.0, 0.09090909090909091, 0.0, 0.18181818181818182, 0.0, 0.0, 0.0, 0.0, 0.5454545454545454, 0.0], [0.0, 0.0, 1.0, 0.0, 0.0, 0.0, 0.0, 0.0, 0.0, 0.0, 0.0, 0.0, 0.0, 0.0, 0.0]]","[""BENIGN"", ""BACKDOOR"", ""DDOS_ICMP"", ""PASSWORD"", ""DDOS_HTTP"", ""DDOS_TCP"", ""SQL_INJECTION"", ""DDOS_UDP"", ""VULNERABILITY_SCANNER"", ""UPLOADING"", ""XSS"", ""PORT_SCANNING"", ""RANSOMWARE"", ""MITM"", ""FINGERPRINTING""]",0.10135482764534386,1.0,0.004518985748291016,0.8817053642914331,0.10135482764534386,0.004518985748291016,,6.126426813787875,8.946179683580057,5.542814253195696,554.2814367427018,6499.406500020996,1,0.01,64,,,,,,,,,,,,False,False,,
1,2,80331,15,0.23343565804506874,0.918590900603722,0.11777839072769099,0.9523246405676231,0.4125335744508495,0.5570019957957862,0.5570019957957862,0.0,"{""0"": 0.999957127545552, ""1"": 0.7968337730870713, ""2"": 0.9935649935649936, ""3"": 0.0, ""4"": 0.8730350665054414, ""5"": 0.8258928571428571, ""6"": 0.9987261146496815, ""7"": 0.9968186638388123, ""8"": 0.9804432855280313, ""9"": 0.564366632337796, ""10"": 0.017699115044247787, ""11"": 0.0, ""12"": 0.0, ""13"": 0.3076923076923077, ""14"": 0.0}","{""0"": 0.9999142587670411, ""1"": 0.7023255813953488, ""2"": 0.9910141206675225, ""3"": 0.0, ""4"": 0.7813852813852814, ""5"": 0.7142857142857143, ""6"": 0.9974554707379135, ""7"": 0.9936575052854123, ""8"": 0.9641025641025641, ""9"": 0.3931133428981349, ""10"": 0.5, ""11"": 0.0, ""12"": 0.0, ""13"": 1.0, ""14"": 0.0}","{""0"": 1.0, ""1"": 0.9207317073170732, ""2"": 0.9961290322580645, ""3"": 0.0, ""4"": 0.989041095890411, ""5"": 0.9788359788359788, ""6"": 1.0, ""7"": 1.0, ""8"": 0.9973474801061007, ""9"": 1.0, ""10"": 0.009009009009009009, ""11"": 0.0, ""12"": 0.0, ""13"": 0.18181818181818182, ""14"": 0.0}","[[11662.0, 0.0, 0.0, 0.0, 0.0, 0.0, 0.0, 0.0, 0.0, 0.0, 0.0, 0.0, 0.0, 0.0, 0.0], [0.0, 151.0, 0.0, 0.0, 0.0, 7.0, 0.0, 0.0, 0.0, 6.0, 0.0, 0.0, 0.0, 0.0, 0.0], [0.0, 0.0, 772.0, 0.0, 0.0, 0.0, 0.0, 3.0, 0.0, 0.0, 0.0, 0.0, 0.0, 0.0, 0.0], [0.0, 0.0, 0.0, 0.0, 0.0, 0.0, 0.0, 0.0, 0.0, 395.0, 0.0, 0.0, 0.0, 0.0, 0.0], [0.0, 0.0, 0.0, 0.0, 361.0, 0.0, 0.0, 0.0, 3.0, 0.0, 1.0, 0.0, 0.0, 0.0, 0.0], [0.0, 0.0, 0.0, 0.0, 0.0, 370.0, 0.0, 0.0, 0.0, 8.0, 0.0, 0.0, 0.0, 0.0, 0.0], [0.0, 0.0, 0.0, 0.0, 0.0, 0.0, 392.0, 0.0, 0.0, 0.0, 0.0, 0.0, 0.0, 0.0, 0.0], [0.0, 0.0, 0.0, 0.0, 0.0, 0.0, 0.0, 940.0, 0.0, 0.0, 0.0, 0.0, 0.0, 0.0, 0.0], [0.0, 0.0, 0.0, 0.0, 0.0, 0.0, 1.0, 0.0, 376.0, 0.0, 0.0, 0.0, 0.0, 0.0, 0.0], [0.0, 0.0, 0.0, 0.0, 0.0, 0.0, 0.0, 0.0, 0.0, 274.0, 0.0, 0.0, 0.0, 0.0, 0.0], [0.0, 0.0, 0.0, 0.0, 101.0, 0.0, 0.0, 0.0, 9.0, 0.0, 1.0, 0.0, 0.0, 0.0, 0.0], [0.0, 0.0, 0.0, 0.0, 0.0, 138.0, 0.0, 0.0, 0.0, 4.0, 0.0, 0.0, 0.0, 0.0, 0.0], [0.0, 64.0, 0.0, 0.0, 0.0, 3.0, 0.0, 0.0, 0.0, 6.0, 0.0, 0.0, 0.0, 0.0, 0.0], [1.0, 0.0, 0.0, 0.0, 0.0, 0.0, 0.0, 2.0, 2.0, 4.0, 0.0, 0.0, 0.0, 2.0, 0.0], [0.0, 0.0, 7.0, 0.0, 0.0, 0.0, 0.0, 1.0, 0.0, 0.0, 0.0, 0.0, 0.0, 0.0, 0.0]]","[[1.0, 0.0, 0.0, 0.0, 0.0, 0.0, 0.0, 0.0, 0.0, 0.0, 0.0, 0.0, 0.0, 0.0, 0.0], [0.0, 0.9207317073170732, 0.0, 0.0, 0.0, 0.042682926829268296, 0.0, 0.0, 0.0, 0.036585365853658534, 0.0, 0.0, 0.0, 0.0, 0.0], [0.0, 0.0, 0.9961290322580645, 0.0, 0.0, 0.0, 0.0, 0.003870967741935484, 0.0, 0.0, 0.0, 0.0, 0.0, 0.0, 0.0], [0.0, 0.0, 0.0, 0.0, 0.0, 0.0, 0.0, 0.0, 0.0, 1.0, 0.0, 0.0, 0.0, 0.0, 0.0], [0.0, 0.0, 0.0, 0.0, 0.989041095890411, 0.0, 0.0, 0.0, 0.00821917808219178, 0.0, 0.0027397260273972603, 0.0, 0.0, 0.0, 0.0], [0.0, 0.0, 0.0, 0.0, 0.0, 0.9788359788359788, 0.0, 0.0, 0.0, 0.021164021164021163, 0.0, 0.0, 0.0, 0.0, 0.0], [0.0, 0.0, 0.0, 0.0, 0.0, 0.0, 1.0, 0.0, 0.0, 0.0, 0.0, 0.0, 0.0, 0.0, 0.0], [0.0, 0.0, 0.0, 0.0, 0.0, 0.0, 0.0, 1.0, 0.0, 0.0, 0.0, 0.0, 0.0, 0.0, 0.0], [0.0, 0.0, 0.0, 0.0, 0.0, 0.0, 0.002652519893899204, 0.0, 0.9973474801061007, 0.0, 0.0, 0.0, 0.0, 0.0, 0.0], [0.0, 0.0, 0.0, 0.0, 0.0, 0.0, 0.0, 0.0, 0.0, 1.0, 0.0, 0.0, 0.0, 0.0, 0.0], [0.0, 0.0, 0.0, 0.0, 0.9099099099099099, 0.0, 0.0, 0.0, 0.08108108108108109, 0.0, 0.009009009009009009, 0.0, 0.0, 0.0, 0.0], [0.0, 0.0, 0.0, 0.0, 0.0, 0.971830985915493, 0.0, 0.0, 0.0, 0.028169014084507043, 0.0, 0.0, 0.0, 0.0, 0.0], [0.0, 0.8767123287671232, 0.0, 0.0, 0.0, 0.0410958904109589, 0.0, 0.0, 0.0, 0.0821917808219178, 0.0, 0.0, 0.0, 0.0, 0.0], [0.09090909090909091, 0.0, 0.0, 0.0, 0.0, 0.0, 0.0, 0.18181818181818182, 0.18181818181818182, 0.36363636363636365, 0.0, 0.0, 0.0, 0.18181818181818182, 0.0], [0.0, 0.0, 0.875, 0.0, 0.0, 0.0, 0.0, 0.125, 0.0, 0.0, 0.0, 0.0, 0.0, 0.0, 0.0]]","[""BENIGN"", ""BACKDOOR"", ""DDOS_ICMP"", ""PASSWORD"", ""DDOS_HTTP"", ""DDOS_TCP"", ""SQL_INJECTION"", ""DDOS_UDP"", ""VULNERABILITY_SCANNER"", ""UPLOADING"", ""XSS"", ""PORT_SCANNING"", ""RANSOMWARE"", ""MITM"", ""FINGERPRINTING""]",0.09861087292059681,1.0,0.0005747079849243164,0.8845381526104418,0.09861087292059681,0.0005747079849243164,,8.296888982721534,9.685147495116578,2.567234004613661,256.72340316223836,4988.298292009858,1,0.01,64,,,,,,,,,,,,False,False,,
1,3,80331,15,0.08649460220020422,0.9653949088193191,0.08955715099000372,0.9657061056824547,0.6259545767960103,0.6390914239413822,0.6390914239413822,0.0,"{""0"": 1.0, ""1"": 0.7978723404255319, ""2"": 0.9935897435897436, ""3"": 0.7883369330453563, ""4"": 0.873341375150784, ""5"": 0.8217391304347826, ""6"": 0.9861635220125786, ""7"": 0.997872340425532, ""8"": 0.9973404255319149, ""9"": 0.5061425061425061, ""10"": 0.14634146341463414, ""11"": 0.0, ""12"": 0.05263157894736842, ""13"": 0.625, ""14"": 0.0}","{""0"": 1.0, ""1"": 0.7075471698113207, ""2"": 0.9872611464968153, ""3"": 0.687382297551789, ""4"": 0.7801724137931034, ""5"": 0.6974169741697417, ""6"": 0.9727047146401985, ""7"": 0.997872340425532, ""8"": 1.0, ""9"": 0.7744360902255639, ""10"": 0.75, ""11"": 0.0, ""12"": 0.6666666666666666, ""13"": 1.0, ""14"": 0.0}","{""0"": 1.0, ""1"": 0.9146341463414634, ""2"": 1.0, ""3"": 0.9240506329113924, ""4"": 0.9917808219178083, ""5"": 1.0, ""6"": 1.0, ""7"": 0.997872340425532, ""8"": 0.9946949602122016, ""9"": 0.3759124087591241, ""10"": 0.08108108108108109, ""11"": 0.0, ""12"": 0.0273972602739726, ""13"": 0.45454545454545453, ""14"": 0.0}","[[11662.0, 0.0, 0.0, 0.0, 0.0, 0.0, 0.0, 0.0, 0.0, 0.0, 0.0, 0.0, 0.0, 0.0, 0.0], [0.0, 150.0, 0.0, 0.0, 0.0, 13.0, 0.0, 0.0, 0.0, 0.0, 0.0, 0.0, 1.0, 0.0, 0.0], [0.0, 0.0, 775.0, 0.0, 0.0, 0.0, 0.0, 0.0, 0.0, 0.0, 0.0, 0.0, 0.0, 0.0, 0.0], [0.0, 0.0, 0.0, 365.0, 0.0, 0.0, 0.0, 0.0, 0.0, 30.0, 0.0, 0.0, 0.0, 0.0, 0.0], [0.0, 0.0, 0.0, 0.0, 362.0, 0.0, 0.0, 0.0, 0.0, 0.0, 3.0, 0.0, 0.0, 0.0, 0.0], [0.0, 0.0, 0.0, 0.0, 0.0, 378.0, 0.0, 0.0, 0.0, 0.0, 0.0, 0.0, 0.0, 0.0, 0.0], [0.0, 0.0, 0.0, 0.0, 0.0, 0.0, 392.0, 0.0, 0.0, 0.0, 0.0, 0.0, 0.0, 0.0, 0.0], [0.0, 0.0, 2.0, 0.0, 0.0, 0.0, 0.0, 938.0, 0.0, 0.0, 0.0, 0.0, 0.0, 0.0, 0.0], [0.0, 0.0, 0.0, 0.0, 0.0, 0.0, 2.0, 0.0, 375.0, 0.0, 0.0, 0.0, 0.0, 0.0, 0.0], [0.0, 0.0, 0.0, 165.0, 0.0, 0.0, 6.0, 0.0, 0.0, 103.0, 0.0, 0.0, 0.0, 0.0, 0.0], [0.0, 0.0, 0.0, 0.0, 102.0, 0.0, 0.0, 0.0, 0.0, 0.0, 9.0, 0.0, 0.0, 0.0, 0.0], [0.0, 0.0, 0.0, 0.0, 0.0, 142.0, 0.0, 0.0, 0.0, 0.0, 0.0, 0.0, 0.0, 0.0, 0.0], [0.0, 62.0, 0.0, 0.0, 0.0, 9.0, 0.0, 0.0, 0.0, 0.0, 0.0, 0.0, 2.0, 0.0, 0.0], [0.0, 0.0, 0.0, 1.0, 0.0, 0.0, 3.0, 2.0, 0.0, 0.0, 0.0, 0.0, 0.0, 5.0, 0.0], [0.0, 0.0, 8.0, 0.0, 0.0, 0.0, 0.0, 0.0, 0.0, 0.0, 0.0, 0.0, 0.0, 0.0, 0.0]]","[[1.0, 0.0, 0.0, 0.0, 0.0, 0.0, 0.0, 0.0, 0.0, 0.0, 0.0, 0.0, 0.0, 0.0, 0.0], [0.0, 0.9146341463414634, 0.0, 0.0, 0.0, 0.07926829268292683, 0.0, 0.0, 0.0, 0.0, 0.0, 0.0, 0.006097560975609756, 0.0, 0.0], [0.0, 0.0, 1.0, 0.0, 0.0, 0.0, 0.0, 0.0, 0.0, 0.0, 0.0, 0.0, 0.0, 0.0, 0.0], [0.0, 0.0, 0.0, 0.9240506329113924, 0.0, 0.0, 0.0, 0.0, 0.0, 0.0759493670886076, 0.0, 0.0, 0.0, 0.0, 0.0], [0.0, 0.0, 0.0, 0.0, 0.9917808219178083, 0.0, 0.0, 0.0, 0.0, 0.0, 0.00821917808219178, 0.0, 0.0, 0.0, 0.0], [0.0, 0.0, 0.0, 0.0, 0.0, 1.0, 0.0, 0.0, 0.0, 0.0, 0.0, 0.0, 0.0, 0.0, 0.0], [0.0, 0.0, 0.0, 0.0, 0.0, 0.0, 1.0, 0.0, 0.0, 0.0, 0.0, 0.0, 0.0, 0.0, 0.0], [0.0, 0.0, 0.002127659574468085, 0.0, 0.0, 0.0, 0.0, 0.997872340425532, 0.0, 0.0, 0.0, 0.0, 0.0, 0.0, 0.0], [0.0, 0.0, 0.0, 0.0, 0.0, 0.0, 0.005305039787798408, 0.0, 0.9946949602122016, 0.0, 0.0, 0.0, 0.0, 0.0, 0.0], [0.0, 0.0, 0.0, 0.6021897810218978, 0.0, 0.0, 0.021897810218978103, 0.0, 0.0, 0.3759124087591241, 0.0, 0.0, 0.0, 0.0, 0.0], [0.0, 0.0, 0.0, 0.0, 0.918918918918919, 0.0, 0.0, 0.0, 0.0, 0.0, 0.08108108108108109, 0.0, 0.0, 0.0, 0.0], [0.0, 0.0, 0.0, 0.0, 0.0, 1.0, 0.0, 0.0, 0.0, 0.0, 0.0, 0.0, 0.0, 0.0, 0.0], [0.0, 0.8493150684931506, 0.0, 0.0, 0.0, 0.1232876712328767, 0.0, 0.0, 0.0, 0.0, 0.0, 0.0, 0.0273972602739726, 0.0, 0.0], [0.0, 0.0, 0.0, 0.09090909090909091, 0.0, 0.0, 0.2727272727272727, 0.18181818181818182, 0.0, 0.0, 0.0, 0.0, 0.0, 0.45454545454545453, 0.0], [0.0, 0.0, 1.0, 0.0, 0.0, 0.0, 0.0, 0.0, 0.0, 0.0, 0.0, 0.0, 0.0, 0.0, 0.0]]","[""BENIGN"", ""BACKDOOR"", ""DDOS_ICMP"", ""PASSWORD"", ""DDOS_HTTP"", ""DDOS_TCP"", ""SQL_INJECTION"", ""DDOS_UDP"", ""VULNERABILITY_SCANNER"", ""UPLOADING"", ""XSS"", ""PORT_SCANNING"", ""RANSOMWARE"", ""MITM"", ""FINGERPRINTING""]",0.0989538672611902,1.0,0.0008794665336608887,0.8841830590124448,0.0989538672611902,0.0008794665336608887,,9.626060285781744,10.264849183481585,1.964984666679811,196.49846984422817,4990.834083000664,1,0.01,64,,,,,,,,,,,,False,False,,
1,4,80331,15,0.0795040840423878,0.9656438663098276,0.08597991110409134,0.9645235576025394,0.6444575372683727,0.6722281610160877,0.6722281610160877,0.0,"{""0"": 1.0, ""1"": 0.7968337730870713, ""2"": 0.9942270686337396, ""3"": 0.7904451682953312, ""4"": 0.819718309859155, ""5"": 0.8217391304347826, ""6"": 0.9874055415617129, ""7"": 0.9984051036682615, ""8"": 0.99867197875166, ""9"": 0.5049019607843137, ""10"": 0.47107438016528924, ""11"": 0.0, ""12"": 0.0, ""13"": 0.9, ""14"": 0.0}","{""0"": 1.0, ""1"": 0.7023255813953488, ""2"": 0.9885204081632653, ""3"": 0.6920152091254753, ""4"": 0.8434782608695652, ""5"": 0.6974169741697417, ""6"": 0.9751243781094527, ""7"": 0.997874601487779, ""8"": 1.0, ""9"": 0.7686567164179104, ""10"": 0.4351145038167939, ""11"": 0.0, ""12"": 0.0, ""13"": 1.0, ""14"": 0.0}","{""0"": 1.0, ""1"": 0.9207317073170732, ""2"": 1.0, ""3"": 0.9215189873417722, ""4"": 0.7972602739726027, ""5"": 1.0, ""6"": 1.0, ""7"": 0.9989361702127659, ""8"": 0.9973474801061007, ""9"": 0.3759124087591241, ""10"": 0.5135135135135135, ""11"": 0.0, ""12"": 0.0, ""13"": 0.8181818181818182, ""14"": 0.0}","[[11662.0, 0.0, 0.0, 0.0, 0.0, 0.0, 0.0, 0.0, 0.0, 0.0, 0.0, 0.0, 0.0, 0.0, 0.0], [0.0, 151.0, 0.0, 0.0, 0.0, 13.0, 0.0, 0.0, 0.0, 0.0, 0.0, 0.0, 0.0, 0.0, 0.0], [0.0, 0.0, 775.0, 0.0, 0.0, 0.0, 0.0, 0.0, 0.0, 0.0, 0.0, 0.0, 0.0, 0.0, 0.0], [0.0, 0.0, 0.0, 364.0, 0.0, 0.0, 0.0, 0.0, 0.0, 31.0, 0.0, 0.0, 0.0, 0.0, 0.0], [0.0, 0.0, 0.0, 0.0, 291.0, 0.0, 0.0, 0.0, 0.0, 0.0, 74.0, 0.0, 0.0, 0.0, 0.0], [0.0, 0.0, 0.0, 0.0, 0.0, 378.0, 0.0, 0.0, 0.0, 0.0, 0.0, 0.0, 0.0, 0.0, 0.0], [0.0, 0.0, 0.0, 0.0, 0.0, 0.0, 392.0, 0.0, 0.0, 0.0, 0.0, 0.0, 0.0, 0.0, 0.0], [0.0, 0.0, 1.0, 0.0, 0.0, 0.0, 0.0, 939.0, 0.0, 0.0, 0.0, 0.0, 0.0, 0.0, 0.0], [0.0, 0.0, 0.0, 0.0, 0.0, 0.0, 1.0, 0.0, 376.0, 0.0, 0.0, 0.0, 0.0, 0.0, 0.0], [0.0, 0.0, 0.0, 162.0, 0.0, 0.0, 9.0, 0.0, 0.0, 103.0, 0.0, 0.0, 0.0, 0.0, 0.0], [0.0, 0.0, 0.0, 0.0, 54.0, 0.0, 0.0, 0.0, 0.0, 0.0, 57.0, 0.0, 0.0, 0.0, 0.0], [0.0, 0.0, 0.0, 0.0, 0.0, 142.0, 0.0, 0.0, 0.0, 0.0, 0.0, 0.0, 0.0, 0.0, 0.0], [0.0, 64.0, 0.0, 0.0, 0.0, 9.0, 0.0, 0.0, 0.0, 0.0, 0.0, 0.0, 0.0, 0.0, 0.0], [0.0, 0.0, 0.0, 0.0, 0.0, 0.0, 0.0, 2.0, 0.0, 0.0, 0.0, 0.0, 0.0, 9.0, 0.0], [0.0, 0.0, 8.0, 0.0, 0.0, 0.0, 0.0, 0.0, 0.0, 0.0, 0.0, 0.0, 0.0, 0.0, 0.0]]","[[1.0, 0.0, 0.0, 0.0, 0.0, 0.0, 0.0, 0.0, 0.0, 0.0, 0.0, 0.0, 0.0, 0.0, 0.0], [0.0, 0.9207317073170732, 0.0, 0.0, 0.0, 0.07926829268292683, 0.0, 0.0, 0.0, 0.0, 0.0, 0.0, 0.0, 0.0, 0.0], [0.0, 0.0, 1.0, 0.0, 0.0, 0.0, 0.0, 0.0, 0.0, 0.0, 0.0, 0.0, 0.0, 0.0, 0.0], [0.0, 0.0, 0.0, 0.9215189873417722, 0.0, 0.0, 0.0, 0.0, 0.0, 0.07848101265822785, 0.0, 0.0, 0.0, 0.0, 0.0], [0.0, 0.0, 0.0, 0.0, 0.7972602739726027, 0.0, 0.0, 0.0, 0.0, 0.0, 0.20273972602739726, 0.0, 0.0, 0.0, 0.0], [0.0, 0.0, 0.0, 0.0, 0.0, 1.0, 0.0, 0.0, 0.0, 0.0, 0.0, 0.0, 0.0, 0.0, 0.0], [0.0, 0.0, 0.0, 0.0, 0.0, 0.0, 1.0, 0.0, 0.0, 0.0, 0.0, 0.0, 0.0, 0.0, 0.0], [0.0, 0.0, 0.0010638297872340426, 0.0, 0.0, 0.0, 0.0, 0.9989361702127659, 0.0, 0.0, 0.0, 0.0, 0.0, 0.0, 0.0], [0.0, 0.0, 0.0, 0.0, 0.0, 0.0, 0.002652519893899204, 0.0, 0.9973474801061007, 0.0, 0.0, 0.0, 0.0, 0.0, 0.0], [0.0, 0.0, 0.0, 0.5912408759124088, 0.0, 0.0, 0.032846715328467155, 0.0, 0.0, 0.3759124087591241, 0.0, 0.0, 0.0, 0.0, 0.0], [0.0, 0.0, 0.0, 0.0, 0.4864864864864865, 0.0, 0.0, 0.0, 0.0, 0.0, 0.5135135135135135, 0.0, 0.0, 0.0, 0.0], [0.0, 0.0, 0.0, 0.0, 0.0, 1.0, 0.0, 0.0, 0.0, 0.0, 0.0, 0.0, 0.0, 0.0, 0.0], [0.0, 0.8767123287671232, 0.0, 0.0, 0.0, 0.1232876712328767, 0.0, 0.0, 0.0, 0.0, 0.0, 0.0, 0.0, 0.0, 0.0], [0.0, 0.0, 0.0, 0.0, 0.0, 0.0, 0.0, 0.18181818181818182, 0.0, 0.0, 0.0, 0.0, 0.0, 0.8181818181818182, 0.0], [0.0, 0.0, 1.0, 0.0, 0.0, 0.0, 0.0, 0.0, 0.0, 0.0, 0.0, 0.0, 0.0, 0.0, 0.0]]","[""BENIGN"", ""BACKDOOR"", ""DDOS_ICMP"", ""PASSWORD"", ""DDOS_HTTP"", ""DDOS_TCP"", ""SQL_INJECTION"", ""DDOS_UDP"", ""VULNERABILITY_SCANNER"", ""UPLOADING"", ""XSS"", ""PORT_SCANNING"", ""RANSOMWARE"", ""MITM"", ""FINGERPRINTING""]",0.09955410735722861,1.0,0.0006914138793945312,0.8835623307592017,0.09955410735722861,0.0006914138793945312,,10.20244292919309,10.846359599212471,2.1458601942202127,214.58603218035694,4856.264458008809,1,0.01,64,,,,,,,,,,,,False,False,,
1,5,80331,15,0.07610826853439022,0.9662662600360988,0.10526878455892161,0.9549386942179623,0.6625130755038349,0.6023538667783671,0.6023538667783671,0.0,"{""0"": 1.0, ""1"": 0.7968337730870713, ""2"": 0.9935897435897436, ""3"": 0.12796208530805686, ""4"": 0.8680142687277052, ""5"": 0.8217391304347826, ""6"": 0.9949238578680203, ""7"": 0.997872340425532, ""8"": 0.9946666666666667, ""9"": 0.5976008724100327, ""10"": 0.0, ""11"": 0.0, ""12"": 0.0, ""13"": 0.8421052631578947, ""14"": 0.0}","{""0"": 1.0, ""1"": 0.7023255813953488, ""2"": 0.9872611464968153, ""3"": 1.0, ""4"": 0.7668067226890757, ""5"": 0.6974169741697417, ""6"": 0.98989898989899, ""7"": 0.997872340425532, ""8"": 1.0, ""9"": 0.4261275272161742, ""10"": 0.0, ""11"": 0.0, ""12"": 0.0, ""13"": 1.0, ""14"": 0.0}","{""0"": 1.0, ""1"": 0.9207317073170732, ""2"": 1.0, ""3"": 0.06835443037974684, ""4"": 1.0, ""5"": 1.0, ""6"": 1.0, ""7"": 0.997872340425532, ""8"": 0.9893899204244032, ""9"": 1.0, ""10"": 0.0, ""11"": 0.0, ""12"": 0.0, ""13"": 0.7272727272727273, ""14"": 0.0}","[[11662.0, 0.0, 0.0, 0.0, 0.0, 0.0, 0.0, 0.0, 0.0, 0.0, 0.0, 0.0, 0.0, 0.0, 0.0], [0.0, 151.0, 0.0, 0.0, 0.0, 13.0, 0.0, 0.0, 0.0, 0.0, 0.0, 0.0, 0.0, 0.0, 0.0], [0.0, 0.0, 775.0, 0.0, 0.0, 0.0, 0.0, 0.0, 0.0, 0.0, 0.0, 0.0, 0.0, 0.0, 0.0], [0.0, 0.0, 0.0, 27.0, 0.0, 0.0, 0.0, 0.0, 0.0, 368.0, 0.0, 0.0, 0.0, 0.0, 0.0], [0.0, 0.0, 0.0, 0.0, 365.0, 0.0, 0.0, 0.0, 0.0, 0.0, 0.0, 0.0, 0.0, 0.0, 0.0], [0.0, 0.0, 0.0, 0.0, 0.0, 378.0, 0.0, 0.0, 0.0, 0.0, 0.0, 0.0, 0.0, 0.0, 0.0], [0.0, 0.0, 0.0, 0.0, 0.0, 0.0, 392.0, 0.0, 0.0, 0.0, 0.0, 0.0, 0.0, 0.0, 0.0], [0.0, 0.0, 2.0, 0.0, 0.0, 0.0, 0.0, 938.0, 0.0, 0.0, 0.0, 0.0, 0.0, 0.0, 0.0], [0.0, 0.0, 0.0, 0.0, 0.0, 0.0, 4.0, 0.0, 373.0, 0.0, 0.0, 0.0, 0.0, 0.0, 0.0], [0.0, 0.0, 0.0, 0.0, 0.0, 0.0, 0.0, 0.0, 0.0, 274.0, 0.0, 0.0, 0.0, 0.0, 0.0], [0.0, 0.0, 0.0, 0.0, 111.0, 0.0, 0.0, 0.0, 0.0, 0.0, 0.0, 0.0, 0.0, 0.0, 0.0], [0.0, 0.0, 0.0, 0.0, 0.0, 142.0, 0.0, 0.0, 0.0, 0.0, 0.0, 0.0, 0.0, 0.0, 0.0], [0.0, 64.0, 0.0, 0.0, 0.0, 9.0, 0.0, 0.0, 0.0, 0.0, 0.0, 0.0, 0.0, 0.0, 0.0], [0.0, 0.0, 0.0, 0.0, 0.0, 0.0, 0.0, 2.0, 0.0, 1.0, 0.0, 0.0, 0.0, 8.0, 0.0], [0.0, 0.0, 8.0, 0.0, 0.0, 0.0, 0.0, 0.0, 0.0, 0.0, 0.0, 0.0, 0.0, 0.0, 0.0]]","[[1.0, 0.0, 0.0, 0.0, 0.0, 0.0, 0.0, 0.0, 0.0, 0.0, 0.0, 0.0, 0.0, 0.0, 0.0], [0.0, 0.9207317073170732, 0.0, 0.0, 0.0, 0.07926829268292683, 0.0, 0.0, 0.0, 0.0, 0.0, 0.0, 0.0, 0.0, 0.0], [0.0, 0.0, 1.0, 0.0, 0.0, 0.0, 0.0, 0.0, 0.0, 0.0, 0.0, 0.0, 0.0, 0.0, 0.0], [0.0, 0.0, 0.0, 0.06835443037974684, 0.0, 0.0, 0.0, 0.0, 0.0, 0.9316455696202531, 0.0, 0.0, 0.0, 0.0, 0.0], [0.0, 0.0, 0.0, 0.0, 1.0, 0.0, 0.0, 0.0, 0.0, 0.0, 0.0, 0.0, 0.0, 0.0, 0.0], [0.0, 0.0, 0.0, 0.0, 0.0, 1.0, 0.0, 0.0, 0.0, 0.0, 0.0, 0.0, 0.0, 0.0, 0.0], [0.0, 0.0, 0.0, 0.0, 0.0, 0.0, 1.0, 0.0, 0.0, 0.0, 0.0, 0.0, 0.0, 0.0, 0.0], [0.0, 0.0, 0.002127659574468085, 0.0, 0.0, 0.0, 0.0, 0.997872340425532, 0.0, 0.0, 0.0, 0.0, 0.0, 0.0, 0.0], [0.0, 0.0, 0.0, 0.0, 0.0, 0.0, 0.010610079575596816, 0.0, 0.9893899204244032, 0.0, 0.0, 0.0, 0.0, 0.0, 0.0], [0.0, 0.0, 0.0, 0.0, 0.0, 0.0, 0.0, 0.0, 0.0, 1.0, 0.0, 0.0, 0.0, 0.0, 0.0], [0.0, 0.0, 0.0, 0.0, 1.0, 0.0, 0.0, 0.0, 0.0, 0.0, 0.0, 0.0, 0.0, 0.0, 0.0], [0.0, 0.0, 0.0, 0.0, 0.0, 1.0, 0.0, 0.0, 0.0, 0.0, 0.0, 0.0, 0.0, 0.0, 0.0], [0.0, 0.8767123287671232, 0.0, 0.0, 0.0, 0.1232876712328767, 0.0, 0.0, 0.0, 0.0, 0.0, 0.0, 0.0, 0.0, 0.0], [0.0, 0.0, 0.0, 0.0, 0.0, 0.0, 0.0, 0.18181818181818182, 0.0, 0.09090909090909091, 0.0, 0.0, 0.0, 0.7272727272727273, 0.0], [0.0, 0.0, 1.0, 0.0, 0.0, 0.0, 0.0, 0.0, 0.0, 0.0, 0.0, 0.0, 0.0, 0.0, 0.0]]","[""BENIGN"", ""BACKDOOR"", ""DDOS_ICMP"", ""PASSWORD"", ""DDOS_HTTP"", ""DDOS_TCP"", ""SQL_INJECTION"", ""DDOS_UDP"", ""VULNERABILITY_SCANNER"", ""UPLOADING"", ""XSS"", ""PORT_SCANNING"", ""RANSOMWARE"", ""MITM"", ""FINGERPRINTING""]",0.10212656491167896,1.0,5.340576171875e-05,0.8809119088091191,0.10212656491167896,5.340576171875e-05,,10.56398085294762,10.912876817035198,1.4631468587636898,146.31468285745532,4939.7863329795655,1,0.01,64,,,,,,,,,,,,False,False,,
1,6,80331,15,0.07729579848645092,0.9655816269372005,0.08292256757529627,0.9635277276405054,0.653574476122685,0.6620622770783963,0.6620622770783963,0.0,"{""0"": 1.0, ""1"": 0.7909319899244333, ""2"": 0.9948652118100129, ""3"": 0.7754698318496538, ""4"": 0.8245363766048502, ""5"": 0.8314855875831486, ""6"": 1.0, ""7"": 0.997874601487779, ""8"": 1.0, ""9"": 0.3058103975535168, ""10"": 0.5099601593625498, ""11"": 0.0, ""12"": 0.0, ""13"": 0.9, ""14"": 0.0}","{""0"": 1.0, ""1"": 0.6738197424892703, ""2"": 0.9897828863346104, ""3"": 0.6363636363636364, ""4"": 0.8601190476190477, ""5"": 0.7156488549618321, ""6"": 1.0, ""7"": 0.9968152866242038, ""8"": 1.0, ""9"": 0.9433962264150944, ""10"": 0.45714285714285713, ""11"": 0.0, ""12"": 0.0, ""13"": 1.0, ""14"": 0.0}","{""0"": 1.0, ""1"": 0.9573170731707317, ""2"": 1.0, ""3"": 0.9924050632911392, ""4"": 0.7917808219178082, ""5"": 0.9920634920634921, ""6"": 1.0, ""7"": 0.9989361702127659, ""8"": 1.0, ""9"": 0.18248175182481752, ""10"": 0.5765765765765766, ""11"": 0.0, ""12"": 0.0, ""13"": 0.8181818181818182, ""14"": 0.0}","[[11662.0, 0.0, 0.0, 0.0, 0.0, 0.0, 0.0, 0.0, 0.0, 0.0, 0.0, 0.0, 0.0, 0.0, 0.0], [0.0, 157.0, 0.0, 0.0, 0.0, 7.0, 0.0, 0.0, 0.0, 0.0, 0.0, 0.0, 0.0, 0.0, 0.0], [0.0, 0.0, 775.0, 0.0, 0.0, 0.0, 0.0, 0.0, 0.0, 0.0, 0.0, 0.0, 0.0, 0.0, 0.0], [0.0, 0.0, 0.0, 392.0, 0.0, 0.0, 0.0, 0.0, 0.0, 3.0, 0.0, 0.0, 0.0, 0.0, 0.0], [0.0, 0.0, 0.0, 0.0, 289.0, 0.0, 0.0, 0.0, 0.0, 0.0, 76.0, 0.0, 0.0, 0.0, 0.0], [0.0, 3.0, 0.0, 0.0, 0.0, 375.0, 0.0, 0.0, 0.0, 0.0, 0.0, 0.0, 0.0, 0.0, 0.0], [0.0, 0.0, 0.0, 0.0, 0.0, 0.0, 392.0, 0.0, 0.0, 0.0, 0.0, 0.0, 0.0, 0.0, 0.0], [0.0, 0.0, 1.0, 0.0, 0.0, 0.0, 0.0, 939.0, 0.0, 0.0, 0.0, 0.0, 0.0, 0.0, 0.0], [0.0, 0.0, 0.0, 0.0, 0.0, 0.0, 0.0, 0.0, 377.0, 0.0, 0.0, 0.0, 0.0, 0.0, 0.0], [0.0, 0.0, 0.0, 224.0, 0.0, 0.0, 0.0, 0.0, 0.0, 50.0, 0.0, 0.0, 0.0, 0.0, 0.0], [0.0, 0.0, 0.0, 0.0, 47.0, 0.0, 0.0, 0.0, 0.0, 0.0, 64.0, 0.0, 0.0, 0.0, 0.0], [0.0, 3.0, 0.0, 0.0, 0.0, 139.0, 0.0, 0.0, 0.0, 0.0, 0.0, 0.0, 0.0, 0.0, 0.0], [0.0, 70.0, 0.0, 0.0, 0.0, 3.0, 0.0, 0.0, 0.0, 0.0, 0.0, 0.0, 0.0, 0.0, 0.0], [0.0, 0.0, 0.0, 0.0, 0.0, 0.0, 0.0, 2.0, 0.0, 0.0, 0.0, 0.0, 0.0, 9.0, 0.0], [0.0, 0.0, 7.0, 0.0, 0.0, 0.0, 0.0, 1.0, 0.0, 0.0, 0.0, 0.0, 0.0, 0.0, 0.0]]","[[1.0, 0.0, 0.0, 0.0, 0.0, 0.0, 0.0, 0.0, 0.0, 0.0, 0.0, 0.0, 0.0, 0.0, 0.0], [0.0, 0.9573170731707317, 0.0, 0.0, 0.0, 0.042682926829268296, 0.0, 0.0, 0.0, 0.0, 0.0, 0.0, 0.0, 0.0, 0.0], [0.0, 0.0, 1.0, 0.0, 0.0, 0.0, 0.0, 0.0, 0.0, 0.0, 0.0, 0.0, 0.0, 0.0, 0.0], [0.0, 0.0, 0.0, 0.9924050632911392, 0.0, 0.0, 0.0, 0.0, 0.0, 0.007594936708860759, 0.0, 0.0, 0.0, 0.0, 0.0], [0.0, 0.0, 0.0, 0.0, 0.7917808219178082, 0.0, 0.0, 0.0, 0.0, 0.0, 0.20821917808219179, 0.0, 0.0, 0.0, 0.0], [0.0, 0.007936507936507936, 0.0, 0.0, 0.0, 0.9920634920634921, 0.0, 0.0, 0.0, 0.0, 0.0, 0.0, 0.0, 0.0, 0.0], [0.0, 0.0, 0.0, 0.0, 0.0, 0.0, 1.0, 0.0, 0.0, 0.0, 0.0, 0.0, 0.0, 0.0, 0.0], [0.0, 0.0, 0.0010638297872340426, 0.0, 0.0, 0.0, 0.0, 0.9989361702127659, 0.0, 0.0, 0.0, 0.0, 0.0, 0.0, 0.0], [0.0, 0.0, 0.0, 0.0, 0.0, 0.0, 0.0, 0.0, 1.0, 0.0, 0.0, 0.0, 0.0, 0.0, 0.0], [0.0, 0.0, 0.0, 0.8175182481751825, 0.0, 0.0, 0.0, 0.0, 0.0, 0.18248175182481752, 0.0, 0.0, 0.0, 0.0, 0.0], [0.0, 0.0, 0.0, 0.0, 0.42342342342342343, 0.0, 0.0, 0.0, 0.0, 0.0, 0.5765765765765766, 0.0, 0.0, 0.0, 0.0], [0.0, 0.02112676056338028, 0.0, 0.0, 0.0, 0.9788732394366197, 0.0, 0.0, 0.0, 0.0, 0.0, 0.0, 0.0, 0.0, 0.0], [0.0, 0.958904109589041, 0.0, 0.0, 0.0, 0.0410958904109589, 0.0, 0.0, 0.0, 0.0, 0.0, 0.0, 0.0, 0.0, 0.0], [0.0, 0.0, 0.0, 0.0, 0.0, 0.0, 0.0, 0.18181818181818182, 0.0, 0.0, 0.0, 0.0, 0.0, 0.8181818181818182, 0.0], [0.0, 0.0, 0.875, 0.0, 0.0, 0.0, 0.0, 0.125, 0.0, 0.0, 0.0, 0.0, 0.0, 0.0, 0.0]]","[""BENIGN"", ""BACKDOOR"", ""DDOS_ICMP"", ""PASSWORD"", ""DDOS_HTTP"", ""DDOS_TCP"", ""SQL_INJECTION"", ""DDOS_UDP"", ""VULNERABILITY_SCANNER"", ""UPLOADING"", ""XSS"", ""PORT_SCANNING"", ""RANSOMWARE"", ""MITM"", ""FINGERPRINTING""]",0.10598525124335448,1.0,0.00014221668243408203,0.8769659565996416,0.10598525124335448,0.00014221668243408203,,10.89010390850701,11.201421604182952,1.4203673833620734,142.0367453541239,4999.761125014629,1,0.01,64,,,,,,,,,,,,False,False,,
1,7,80331,15,0.07580842572327937,0.9658928238003361,0.0813824383813296,0.9657061056824547,0.6472068466596578,0.6446309977082832,0.6446309977082832,0.0,"{""0"": 1.0, ""1"": 0.7968337730870713, ""2"": 0.9942270686337396, ""3"": 0.7841031149301826, ""4"": 0.8680142687277052, ""5"": 0.8217391304347826, ""6"": 1.0, ""7"": 0.9984051036682615, ""8"": 1.0, ""9"": 0.5061425061425061, ""10"": 0.0, ""11"": 0.0, ""12"": 0.0, ""13"": 0.9, ""14"": 0.0}","{""0"": 1.0, ""1"": 0.7023255813953488, ""2"": 0.9885204081632653, ""3"": 0.6809701492537313, ""4"": 0.7668067226890757, ""5"": 0.6974169741697417, ""6"": 1.0, ""7"": 0.997874601487779, ""8"": 1.0, ""9"": 0.7744360902255639, ""10"": 0.0, ""11"": 0.0, ""12"": 0.0, ""13"": 1.0, ""14"": 0.0}","{""0"": 1.0, ""1"": 0.9207317073170732, ""2"": 1.0, ""3"": 0.9240506329113924, ""4"": 1.0, ""5"": 1.0, ""6"": 1.0, ""7"": 0.9989361702127659, ""8"": 1.0, ""9"": 0.3759124087591241, ""10"": 0.0, ""11"": 0.0, ""12"": 0.0, ""13"": 0.8181818181818182, ""14"": 0.0}","[[11662.0, 0.0, 0.0, 0.0, 0.0, 0.0, 0.0, 0.0, 0.0, 0.0, 0.0, 0.0, 0.0, 0.0, 0.0], [0.0, 151.0, 0.0, 0.0, 0.0, 13.0, 0.0, 0.0, 0.0, 0.0, 0.0, 0.0, 0.0, 0.0, 0.0], [0.0, 0.0, 775.0, 0.0, 0.0, 0.0, 0.0, 0.0, 0.0, 0.0, 0.0, 0.0, 0.0, 0.0, 0.0], [0.0, 0.0, 0.0, 365.0, 0.0, 0.0, 0.0, 0.0, 0.0, 30.0, 0.0, 0.0, 0.0, 0.0, 0.0], [0.0, 0.0, 0.0, 0.0, 365.0, 0.0, 0.0, 0.0, 0.0, 0.0, 0.0, 0.0, 0.0, 0.0, 0.0], [0.0, 0.0, 0.0, 0.0, 0.0, 378.0, 0.0, 0.0, 0.0, 0.0, 0.0, 0.0, 0.0, 0.0, 0.0], [0.0, 0.0, 0.0, 0.0, 0.0, 0.0, 392.0, 0.0, 0.0, 0.0, 0.0, 0.0, 0.0, 0.0, 0.0], [0.0, 0.0, 1.0, 0.0, 0.0, 0.0, 0.0, 939.0, 0.0, 0.0, 0.0, 0.0, 0.0, 0.0, 0.0], [0.0, 0.0, 0.0, 0.0, 0.0, 0.0, 0.0, 0.0, 377.0, 0.0, 0.0, 0.0, 0.0, 0.0, 0.0], [0.0, 0.0, 0.0, 171.0, 0.0, 0.0, 0.0, 0.0, 0.0, 103.0, 0.0, 0.0, 0.0, 0.0, 0.0], [0.0, 0.0, 0.0, 0.0, 111.0, 0.0, 0.0, 0.0, 0.0, 0.0, 0.0, 0.0, 0.0, 0.0, 0.0], [0.0, 0.0, 0.0, 0.0, 0.0, 142.0, 0.0, 0.0, 0.0, 0.0, 0.0, 0.0, 0.0, 0.0, 0.0], [0.0, 64.0, 0.0, 0.0, 0.0, 9.0, 0.0, 0.0, 0.0, 0.0, 0.0, 0.0, 0.0, 0.0, 0.0], [0.0, 0.0, 0.0, 0.0, 0.0, 0.0, 0.0, 2.0, 0.0, 0.0, 0.0, 0.0, 0.0, 9.0, 0.0], [0.0, 0.0, 8.0, 0.0, 0.0, 0.0, 0.0, 0.0, 0.0, 0.0, 0.0, 0.0, 0.0, 0.0, 0.0]]","[[1.0, 0.0, 0.0, 0.0, 0.0, 0.0, 0.0, 0.0, 0.0, 0.0, 0.0, 0.0, 0.0, 0.0, 0.0], [0.0, 0.9207317073170732, 0.0, 0.0, 0.0, 0.07926829268292683, 0.0, 0.0, 0.0, 0.0, 0.0, 0.0, 0.0, 0.0, 0.0], [0.0, 0.0, 1.0, 0.0, 0.0, 0.0, 0.0, 0.0, 0.0, 0.0, 0.0, 0.0, 0.0, 0.0, 0.0], [0.0, 0.0, 0.0, 0.9240506329113924, 0.0, 0.0, 0.0, 0.0, 0.0, 0.0759493670886076, 0.0, 0.0, 0.0, 0.0, 0.0], [0.0, 0.0, 0.0, 0.0, 1.0, 0.0, 0.0, 0.0, 0.0, 0.0, 0.0, 0.0, 0.0, 0.0, 0.0], [0.0, 0.0, 0.0, 0.0, 0.0, 1.0, 0.0, 0.0, 0.0, 0.0, 0.0, 0.0, 0.0, 0.0, 0.0], [0.0, 0.0, 0.0, 0.0, 0.0, 0.0, 1.0, 0.0, 0.0, 0.0, 0.0, 0.0, 0.0, 0.0, 0.0], [0.0, 0.0, 0.0010638297872340426, 0.0, 0.0, 0.0, 0.0, 0.9989361702127659, 0.0, 0.0, 0.0, 0.0, 0.0, 0.0, 0.0], [0.0, 0.0, 0.0, 0.0, 0.0, 0.0, 0.0, 0.0, 1.0, 0.0, 0.0, 0.0, 0.0, 0.0, 0.0], [0.0, 0.0, 0.0, 0.6240875912408759, 0.0, 0.0, 0.0, 0.0, 0.0, 0.3759124087591241, 0.0, 0.0, 0.0, 0.0, 0.0], [0.0, 0.0, 0.0, 0.0, 1.0, 0.0, 0.0, 0.0, 0.0, 0.0, 0.0, 0.0, 0.0, 0.0, 0.0], [0.0, 0.0, 0.0, 0.0, 0.0, 1.0, 0.0, 0.0, 0.0, 0.0, 0.0, 0.0, 0.0, 0.0, 0.0], [0.0, 0.8767123287671232, 0.0, 0.0, 0.0, 0.1232876712328767, 0.0, 0.0, 0.0, 0.0, 0.0, 0.0, 0.0, 0.0, 0.0], [0.0, 0.0, 0.0, 0.0, 0.0, 0.0, 0.0, 0.18181818181818182, 0.0, 0.0, 0.0, 0.0, 0.0, 0.8181818181818182, 0.0], [0.0, 0.0, 1.0, 0.0, 0.0, 0.0, 0.0, 0.0, 0.0, 0.0, 0.0, 0.0, 0.0, 0.0, 0.0]]","[""BENIGN"", ""BACKDOOR"", ""DDOS_ICMP"", ""PASSWORD"", ""DDOS_HTTP"", ""DDOS_TCP"", ""SQL_INJECTION"", ""DDOS_UDP"", ""VULNERABILITY_SCANNER"", ""UPLOADING"", ""XSS"", ""PORT_SCANNING"", ""RANSOMWARE"", ""MITM"", ""FINGERPRINTING""]",0.10890070313839821,1.0,4.1365623474121094e-05,0.8740079365079365,0.10890070313839821,4.1365623474121094e-05,,11.095762133462404,11.421238988501756,1.2849203378021412,128.4920355558816,4977.09975001635,1,0.01,64,,,,,,,,,,,,False,False,,
1,8,80331,15,0.07459181901428623,0.9661417812908446,0.07806079581972708,0.965830584427709,0.6481516412599062,0.6471408603870701,0.6471408603870701,0.0,"{""0"": 1.0, ""1"": 0.7968337730870713, ""2"": 0.9942270686337396, ""3"": 0.781354051054384, ""4"": 0.8680142687277052, ""5"": 0.8217391304347826, ""6"": 1.0, ""7"": 0.9984051036682615, ""8"": 0.9973404255319149, ""9"": 0.5491990846681922, ""10"": 0.0, ""11"": 0.0, ""12"": 0.0, ""13"": 0.9, ""14"": 0.0}","{""0"": 1.0, ""1"": 0.7023255813953488, ""2"": 0.9885204081632653, ""3"": 0.6956521739130435, ""4"": 0.7668067226890757, ""5"": 0.6974169741697417, ""6"": 1.0, ""7"": 0.997874601487779, ""8"": 1.0, ""9"": 0.7361963190184049, ""10"": 0.0, ""11"": 0.0, ""12"": 0.0, ""13"": 1.0, ""14"": 0.0}","{""0"": 1.0, ""1"": 0.9207317073170732, ""2"": 1.0, ""3"": 0.8911392405063291, ""4"": 1.0, ""5"": 1.0, ""6"": 1.0, ""7"": 0.9989361702127659, ""8"": 0.9946949602122016, ""9"": 0.43795620437956206, ""10"": 0.0, ""11"": 0.0, ""12"": 0.0, ""13"": 0.8181818181818182, ""14"": 0.0}","[[11662.0, 0.0, 0.0, 0.0, 0.0, 0.0, 0.0, 0.0, 0.0, 0.0, 0.0, 0.0, 0.0, 0.0, 0.0], [0.0, 151.0, 0.0, 0.0, 0.0, 13.0, 0.0, 0.0, 0.0, 0.0, 0.0, 0.0, 0.0, 0.0, 0.0], [0.0, 0.0, 775.0, 0.0, 0.0, 0.0, 0.0, 0.0, 0.0, 0.0, 0.0, 0.0, 0.0, 0.0, 0.0], [0.0, 0.0, 0.0, 352.0, 0.0, 0.0, 0.0, 0.0, 0.0, 43.0, 0.0, 0.0, 0.0, 0.0, 0.0], [0.0, 0.0, 0.0, 0.0, 365.0, 0.0, 0.0, 0.0, 0.0, 0.0, 0.0, 0.0, 0.0, 0.0, 0.0], [0.0, 0.0, 0.0, 0.0, 0.0, 378.0, 0.0, 0.0, 0.0, 0.0, 0.0, 0.0, 0.0, 0.0, 0.0], [0.0, 0.0, 0.0, 0.0, 0.0, 0.0, 392.0, 0.0, 0.0, 0.0, 0.0, 0.0, 0.0, 0.0, 0.0], [0.0, 0.0, 1.0, 0.0, 0.0, 0.0, 0.0, 939.0, 0.0, 0.0, 0.0, 0.0, 0.0, 0.0, 0.0], [0.0, 0.0, 0.0, 0.0, 0.0, 0.0, 0.0, 0.0, 375.0, 0.0, 2.0, 0.0, 0.0, 0.0, 0.0], [0.0, 0.0, 0.0, 154.0, 0.0, 0.0, 0.0, 0.0, 0.0, 120.0, 0.0, 0.0, 0.0, 0.0, 0.0], [0.0, 0.0, 0.0, 0.0, 111.0, 0.0, 0.0, 0.0, 0.0, 0.0, 0.0, 0.0, 0.0, 0.0, 0.0], [0.0, 0.0, 0.0, 0.0, 0.0, 142.0, 0.0, 0.0, 0.0, 0.0, 0.0, 0.0, 0.0, 0.0, 0.0], [0.0, 64.0, 0.0, 0.0, 0.0, 9.0, 0.0, 0.0, 0.0, 0.0, 0.0, 0.0, 0.0, 0.0, 0.0], [0.0, 0.0, 0.0, 0.0, 0.0, 0.0, 0.0, 2.0, 0.0, 0.0, 0.0, 0.0, 0.0, 9.0, 0.0], [0.0, 0.0, 8.0, 0.0, 0.0, 0.0, 0.0, 0.0, 0.0, 0.0, 0.0, 0.0, 0.0, 0.0, 0.0]]","[[1.0, 0.0, 0.0, 0.0, 0.0, 0.0, 0.0, 0.0, 0.0, 0.0, 0.0, 0.0, 0.0, 0.0, 0.0], [0.0, 0.9207317073170732, 0.0, 0.0, 0.0, 0.07926829268292683, 0.0, 0.0, 0.0, 0.0, 0.0, 0.0, 0.0, 0.0, 0.0], [0.0, 0.0, 1.0, 0.0, 0.0, 0.0, 0.0, 0.0, 0.0, 0.0, 0.0, 0.0, 0.0, 0.0, 0.0], [0.0, 0.0, 0.0, 0.8911392405063291, 0.0, 0.0, 0.0, 0.0, 0.0, 0.10886075949367088, 0.0, 0.0, 0.0, 0.0, 0.0], [0.0, 0.0, 0.0, 0.0, 1.0, 0.0, 0.0, 0.0, 0.0, 0.0, 0.0, 0.0, 0.0, 0.0, 0.0], [0.0, 0.0, 0.0, 0.0, 0.0, 1.0, 0.0, 0.0, 0.0, 0.0, 0.0, 0.0, 0.0, 0.0, 0.0], [0.0, 0.0, 0.0, 0.0, 0.0, 0.0, 1.0, 0.0, 0.0, 0.0, 0.0, 0.0, 0.0, 0.0, 0.0], [0.0, 0.0, 0.0010638297872340426, 0.0, 0.0, 0.0, 0.0, 0.9989361702127659, 0.0, 0.0, 0.0, 0.0, 0.0, 0.0, 0.0], [0.0, 0.0, 0.0, 0.0, 0.0, 0.0, 0.0, 0.0, 0.9946949602122016, 0.0, 0.005305039787798408, 0.0, 0.0, 0.0, 0.0], [0.0, 0.0, 0.0, 0.5620437956204379, 0.0, 0.0, 0.0, 0.0, 0.0, 0.43795620437956206, 0.0, 0.0, 0.0, 0.0, 0.0], [0.0, 0.0, 0.0, 0.0, 1.0, 0.0, 0.0, 0.0, 0.0, 0.0, 0.0, 0.0, 0.0, 0.0, 0.0], [0.0, 0.0, 0.0, 0.0, 0.0, 1.0, 0.0, 0.0, 0.0, 0.0, 0.0, 0.0, 0.0, 0.0, 0.0], [0.0, 0.8767123287671232, 0.0, 0.0, 0.0, 0.1232876712328767, 0.0, 0.0, 0.0, 0.0, 0.0, 0.0, 0.0, 0.0, 0.0], [0.0, 0.0, 0.0, 0.0, 0.0, 0.0, 0.0, 0.18181818181818182, 0.0, 0.0, 0.0, 0.0, 0.0, 0.8181818181818182, 0.0], [0.0, 0.0, 1.0, 0.0, 0.0, 0.0, 0.0, 0.0, 0.0, 0.0, 0.0, 0.0, 0.0, 0.0, 0.0]]","[""BENIGN"", ""BACKDOOR"", ""DDOS_ICMP"", ""PASSWORD"", ""DDOS_HTTP"", ""DDOS_TCP"", ""SQL_INJECTION"", ""DDOS_UDP"", ""VULNERABILITY_SCANNER"", ""UPLOADING"", ""XSS"", ""PORT_SCANNING"", ""RANSOMWARE"", ""MITM"", ""FINGERPRINTING""]",0.09715314697307495,1.0,8.881092071533203e-05,0.886050487780348,0.09715314697307495,8.881092071533203e-05,,11.3723894532278,11.569735297565494,1.5207915205254976,152.07915210288851,4847.050875017885,1,0.01,64,,,,,,,,,,,,False,False,,
1,9,80331,15,0.07459965431129358,0.9657061056824547,0.07845143417108331,0.9668886537623701,0.6446309977082832,0.6812740180909753,0.6812740180909753,0.0,"{""0"": 1.0, ""1"": 0.7968337730870713, ""2"": 0.9942270686337396, ""3"": 0.7841031149301826, ""4"": 0.8776595744680851, ""5"": 0.8217391304347826, ""6"": 1.0, ""7"": 0.9984051036682615, ""8"": 1.0, ""9"": 0.5061425061425061, ""10"": 0.54, ""11"": 0.0, ""12"": 0.0, ""13"": 0.9, ""14"": 0.0}","{""0"": 1.0, ""1"": 0.7023255813953488, ""2"": 0.9885204081632653, ""3"": 0.6809701492537313, ""4"": 0.8527131782945736, ""5"": 0.6974169741697417, ""6"": 1.0, ""7"": 0.997874601487779, ""8"": 1.0, ""9"": 0.7744360902255639, ""10"": 0.6067415730337079, ""11"": 0.0, ""12"": 0.0, ""13"": 1.0, ""14"": 0.0}","{""0"": 1.0, ""1"": 0.9207317073170732, ""2"": 1.0, ""3"": 0.9240506329113924, ""4"": 0.9041095890410958, ""5"": 1.0, ""6"": 1.0, ""7"": 0.9989361702127659, ""8"": 1.0, ""9"": 0.3759124087591241, ""10"": 0.4864864864864865, ""11"": 0.0, ""12"": 0.0, ""13"": 0.8181818181818182, ""14"": 0.0}","[[11662.0, 0.0, 0.0, 0.0, 0.0, 0.0, 0.0, 0.0, 0.0, 0.0, 0.0, 0.0, 0.0, 0.0, 0.0], [0.0, 151.0, 0.0, 0.0, 0.0, 13.0, 0.0, 0.0, 0.0, 0.0, 0.0, 0.0, 0.0, 0.0, 0.0], [0.0, 0.0, 775.0, 0.0, 0.0, 0.0, 0.0, 0.0, 0.0, 0.0, 0.0, 0.0, 0.0, 0.0, 0.0], [0.0, 0.0, 0.0, 365.0, 0.0, 0.0, 0.0, 0.0, 0.0, 30.0, 0.0, 0.0, 0.0, 0.0, 0.0], [0.0, 0.0, 0.0, 0.0, 330.0, 0.0, 0.0, 0.0, 0.0, 0.0, 35.0, 0.0, 0.0, 0.0, 0.0], [0.0, 0.0, 0.0, 0.0, 0.0, 378.0, 0.0, 0.0, 0.0, 0.0, 0.0, 0.0, 0.0, 0.0, 0.0], [0.0, 0.0, 0.0, 0.0, 0.0, 0.0, 392.0, 0.0, 0.0, 0.0, 0.0, 0.0, 0.0, 0.0, 0.0], [0.0, 0.0, 1.0, 0.0, 0.0, 0.0, 0.0, 939.0, 0.0, 0.0, 0.0, 0.0, 0.0, 0.0, 0.0], [0.0, 0.0, 0.0, 0.0, 0.0, 0.0, 0.0, 0.0, 377.0, 0.0, 0.0, 0.0, 0.0, 0.0, 0.0], [0.0, 0.0, 0.0, 171.0, 0.0, 0.0, 0.0, 0.0, 0.0, 103.0, 0.0, 0.0, 0.0, 0.0, 0.0], [0.0, 0.0, 0.0, 0.0, 57.0, 0.0, 0.0, 0.0, 0.0, 0.0, 54.0, 0.0, 0.0, 0.0, 0.0], [0.0, 0.0, 0.0, 0.0, 0.0, 142.0, 0.0, 0.0, 0.0, 0.0, 0.0, 0.0, 0.0, 0.0, 0.0], [0.0, 64.0, 0.0, 0.0, 0.0, 9.0, 0.0, 0.0, 0.0, 0.0, 0.0, 0.0, 0.0, 0.0, 0.0], [0.0, 0.0, 0.0, 0.0, 0.0, 0.0, 0.0, 2.0, 0.0, 0.0, 0.0, 0.0, 0.0, 9.0, 0.0], [0.0, 0.0, 8.0, 0.0, 0.0, 0.0, 0.0, 0.0, 0.0, 0.0, 0.0, 0.0, 0.0, 0.0, 0.0]]","[[1.0, 0.0, 0.0, 0.0, 0.0, 0.0, 0.0, 0.0, 0.0, 0.0, 0.0, 0.0, 0.0, 0.0, 0.0], [0.0, 0.9207317073170732, 0.0, 0.0, 0.0, 0.07926829268292683, 0.0, 0.0, 0.0, 0.0, 0.0, 0.0, 0.0, 0.0, 0.0], [0.0, 0.0, 1.0, 0.0, 0.0, 0.0, 0.0, 0.0, 0.0, 0.0, 0.0, 0.0, 0.0, 0.0, 0.0], [0.0, 0.0, 0.0, 0.9240506329113924, 0.0, 0.0, 0.0, 0.0, 0.0, 0.0759493670886076, 0.0, 0.0, 0.0, 0.0, 0.0], [0.0, 0.0, 0.0, 0.0, 0.9041095890410958, 0.0, 0.0, 0.0, 0.0, 0.0, 0.0958904109589041, 0.0, 0.0, 0.0, 0.0], [0.0, 0.0, 0.0, 0.0, 0.0, 1.0, 0.0, 0.0, 0.0, 0.0, 0.0, 0.0, 0.0, 0.0, 0.0], [0.0, 0.0, 0.0, 0.0, 0.0, 0.0, 1.0, 0.0, 0.0, 0.0, 0.0, 0.0, 0.0, 0.0, 0.0], [0.0, 0.0, 0.0010638297872340426, 0.0, 0.0, 0.0, 0.0, 0.9989361702127659, 0.0, 0.0, 0.0, 0.0, 0.0, 0.0, 0.0], [0.0, 0.0, 0.0, 0.0, 0.0, 0.0, 0.0, 0.0, 1.0, 0.0, 0.0, 0.0, 0.0, 0.0, 0.0], [0.0, 0.0, 0.0, 0.6240875912408759, 0.0, 0.0, 0.0, 0.0, 0.0, 0.3759124087591241, 0.0, 0.0, 0.0, 0.0, 0.0], [0.0, 0.0, 0.0, 0.0, 0.5135135135135135, 0.0, 0.0, 0.0, 0.0, 0.0, 0.4864864864864865, 0.0, 0.0, 0.0, 0.0], [0.0, 0.0, 0.0, 0.0, 0.0, 1.0, 0.0, 0.0, 0.0, 0.0, 0.0, 0.0, 0.0, 0.0, 0.0], [0.0, 0.8767123287671232, 0.0, 0.0, 0.0, 0.1232876712328767, 0.0, 0.0, 0.0, 0.0, 0.0, 0.0, 0.0, 0.0, 0.0], [0.0, 0.0, 0.0, 0.0, 0.0, 0.0, 0.0, 0.18181818181818182, 0.0, 0.0, 0.0, 0.0, 0.0, 0.8181818181818182, 0.0], [0.0, 0.0, 1.0, 0.0, 0.0, 0.0, 0.0, 0.0, 0.0, 0.0, 0.0, 0.0, 0.0, 0.0, 0.0]]","[""BENIGN"", ""BACKDOOR"", ""DDOS_ICMP"", ""PASSWORD"", ""DDOS_HTTP"", ""DDOS_TCP"", ""SQL_INJECTION"", ""DDOS_UDP"", ""VULNERABILITY_SCANNER"", ""UPLOADING"", ""XSS"", ""PORT_SCANNING"", ""RANSOMWARE"", ""MITM"", ""FINGERPRINTING""]",0.09809638140970674,1.0,2.5272369384765625e-05,0.8850713281093028,0.09809638140970674,2.5272369384765625e-05,,11.533918741297647,11.658664152309482,0.9355521577733714,93.5552152907868,4810.790874995291,1,0.01,64,,,,,,,,,,,,False,False,,
1,10,80331,15,0.07149964825965519,0.965830584427709,0.07896872167250313,0.9601668015186406,0.6482265072496853,0.6602370687058557,0.6602370687058557,0.0,"{""0"": 1.0, ""1"": 0.7380952380952381, ""2"": 0.9942270686337396, ""3"": 0.781354051054384, ""4"": 0.8680142687277052, ""5"": 0.5980707395498392, ""6"": 1.0, ""7"": 0.9984051036682615, ""8"": 1.0, ""9"": 0.5491990846681922, ""10"": 0.0, ""11"": 0.47619047619047616, ""12"": 0.0, ""13"": 0.9, ""14"": 0.0}","{""0"": 1.0, ""1"": 0.60546875, ""2"": 0.9885204081632653, ""3"": 0.6956521739130435, ""4"": 0.7668067226890757, ""5"": 0.7622950819672131, ""6"": 1.0, ""7"": 0.997874601487779, ""8"": 1.0, ""9"": 0.7361963190184049, ""10"": 0.0, ""11"": 0.36964980544747084, ""12"": 0.0, ""13"": 1.0, ""14"": 0.0}","{""0"": 1.0, ""1"": 0.9451219512195121, ""2"": 1.0, ""3"": 0.8911392405063291, ""4"": 1.0, ""5"": 0.49206349206349204, ""6"": 1.0, ""7"": 0.9989361702127659, ""8"": 1.0, ""9"": 0.43795620437956206, ""10"": 0.0, ""11"": 0.6690140845070423, ""12"": 0.0, ""13"": 0.8181818181818182, ""14"": 0.0}","[[11662.0, 0.0, 0.0, 0.0, 0.0, 0.0, 0.0, 0.0, 0.0, 0.0, 0.0, 0.0, 0.0, 0.0, 0.0], [0.0, 155.0, 0.0, 0.0, 0.0, 9.0, 0.0, 0.0, 0.0, 0.0, 0.0, 0.0, 0.0, 0.0, 0.0], [0.0, 0.0, 775.0, 0.0, 0.0, 0.0, 0.0, 0.0, 0.0, 0.0, 0.0, 0.0, 0.0, 0.0, 0.0], [0.0, 0.0, 0.0, 352.0, 0.0, 0.0, 0.0, 0.0, 0.0, 43.0, 0.0, 0.0, 0.0, 0.0, 0.0], [0.0, 0.0, 0.0, 0.0, 365.0, 0.0, 0.0, 0.0, 0.0, 0.0, 0.0, 0.0, 0.0, 0.0, 0.0], [0.0, 30.0, 0.0, 0.0, 0.0, 186.0, 0.0, 0.0, 0.0, 0.0, 0.0, 162.0, 0.0, 0.0, 0.0], [0.0, 0.0, 0.0, 0.0, 0.0, 0.0, 392.0, 0.0, 0.0, 0.0, 0.0, 0.0, 0.0, 0.0, 0.0], [0.0, 0.0, 1.0, 0.0, 0.0, 0.0, 0.0, 939.0, 0.0, 0.0, 0.0, 0.0, 0.0, 0.0, 0.0], [0.0, 0.0, 0.0, 0.0, 0.0, 0.0, 0.0, 0.0, 377.0, 0.0, 0.0, 0.0, 0.0, 0.0, 0.0], [0.0, 0.0, 0.0, 154.0, 0.0, 0.0, 0.0, 0.0, 0.0, 120.0, 0.0, 0.0, 0.0, 0.0, 0.0], [0.0, 0.0, 0.0, 0.0, 111.0, 0.0, 0.0, 0.0, 0.0, 0.0, 0.0, 0.0, 0.0, 0.0, 0.0], [0.0, 0.0, 0.0, 0.0, 0.0, 47.0, 0.0, 0.0, 0.0, 0.0, 0.0, 95.0, 0.0, 0.0, 0.0], [0.0, 71.0, 0.0, 0.0, 0.0, 2.0, 0.0, 0.0, 0.0, 0.0, 0.0, 0.0, 0.0, 0.0, 0.0], [0.0, 0.0, 0.0, 0.0, 0.0, 0.0, 0.0, 2.0, 0.0, 0.0, 0.0, 0.0, 0.0, 9.0, 0.0], [0.0, 0.0, 8.0, 0.0, 0.0, 0.0, 0.0, 0.0, 0.0, 0.0, 0.0, 0.0, 0.0, 0.0, 0.0]]","[[1.0, 0.0, 0.0, 0.0, 0.0, 0.0, 0.0, 0.0, 0.0, 0.0, 0.0, 0.0, 0.0, 0.0, 0.0], [0.0, 0.9451219512195121, 0.0, 0.0, 0.0, 0.054878048780487805, 0.0, 0.0, 0.0, 0.0, 0.0, 0.0, 0.0, 0.0, 0.0], [0.0, 0.0, 1.0, 0.0, 0.0, 0.0, 0.0, 0.0, 0.0, 0.0, 0.0, 0.0, 0.0, 0.0, 0.0], [0.0, 0.0, 0.0, 0.8911392405063291, 0.0, 0.0, 0.0, 0.0, 0.0, 0.10886075949367088, 0.0, 0.0, 0.0, 0.0, 0.0], [0.0, 0.0, 0.0, 0.0, 1.0, 0.0, 0.0, 0.0, 0.0, 0.0, 0.0, 0.0, 0.0, 0.0, 0.0], [0.0, 0.07936507936507936, 0.0, 0.0, 0.0, 0.49206349206349204, 0.0, 0.0, 0.0, 0.0, 0.0, 0.42857142857142855, 0.0, 0.0, 0.0], [0.0, 0.0, 0.0, 0.0, 0.0, 0.0, 1.0, 0.0, 0.0, 0.0, 0.0, 0.0, 0.0, 0.0, 0.0], [0.0, 0.0, 0.0010638297872340426, 0.0, 0.0, 0.0, 0.0, 0.9989361702127659, 0.0, 0.0, 0.0, 0.0, 0.0, 0.0, 0.0], [0.0, 0.0, 0.0, 0.0, 0.0, 0.0, 0.0, 0.0, 1.0, 0.0, 0.0, 0.0, 0.0, 0.0, 0.0], [0.0, 0.0, 0.0, 0.5620437956204379, 0.0, 0.0, 0.0, 0.0, 0.0, 0.43795620437956206, 0.0, 0.0, 0.0, 0.0, 0.0], [0.0, 0.0, 0.0, 0.0, 1.0, 0.0, 0.0, 0.0, 0.0, 0.0, 0.0, 0.0, 0.0, 0.0, 0.0], [0.0, 0.0, 0.0, 0.0, 0.0, 0.33098591549295775, 0.0, 0.0, 0.0, 0.0, 0.0, 0.6690140845070423, 0.0, 0.0, 0.0], [0.0, 0.9726027397260274, 0.0, 0.0, 0.0, 0.0273972602739726, 0.0, 0.0, 0.0, 0.0, 0.0, 0.0, 0.0, 0.0, 0.0], [0.0, 0.0, 0.0, 0.0, 0.0, 0.0, 0.0, 0.18181818181818182, 0.0, 0.0, 0.0, 0.0, 0.0, 0.8181818181818182, 0.0], [0.0, 0.0, 1.0, 0.0, 0.0, 0.0, 0.0, 0.0, 0.0, 0.0, 0.0, 0.0, 0.0, 0.0, 0.0]]","[""BENIGN"", ""BACKDOOR"", ""DDOS_ICMP"", ""PASSWORD"", ""DDOS_HTTP"", ""DDOS_TCP"", ""SQL_INJECTION"", ""DDOS_UDP"", ""VULNERABILITY_SCANNER"", ""UPLOADING"", ""XSS"", ""PORT_SCANNING"", ""RANSOMWARE"", ""MITM"", ""FINGERPRINTING""]",0.10804321728691477,1.0,5.2928924560546875e-05,0.874875868917577,0.10804321728691477,5.2928924560546875e-05,,11.716948647334013,11.876021283553843,0.9985406625964272,99.85407479977907,4816.759790992364,1,0.01,64,,,,,,,,,,,,False,False,,
1,11,80331,15,0.0715595766230633,0.9659550631729632,0.0780121263494782,0.9647102757204208,0.647318165351609,0.6443069586024474,0.6443069586024474,0.0,"{""0"": 1.0, ""1"": 0.7968337730870713, ""2"": 0.9942270686337396, ""3"": 0.7711088504577823, ""4"": 0.8736462093862816, ""5"": 0.8217391304347826, ""6"": 1.0, ""7"": 0.9994678020223523, ""8"": 1.0, ""9"": 0.3753501400560224, ""10"": 0.1322314049586777, ""11"": 0.0, ""12"": 0.0, ""13"": 0.9, ""14"": 0.0}","{""0"": 1.0, ""1"": 0.7023255813953488, ""2"": 0.9885204081632653, ""3"": 0.6445578231292517, ""4"": 0.778969957081545, ""5"": 0.6974169741697417, ""6"": 1.0, ""7"": 1.0, ""8"": 1.0, ""9"": 0.8072289156626506, ""10"": 0.8, ""11"": 0.0, ""12"": 0.0, ""13"": 1.0, ""14"": 0.0}","{""0"": 1.0, ""1"": 0.9207317073170732, ""2"": 1.0, ""3"": 0.959493670886076, ""4"": 0.9945205479452055, ""5"": 1.0, ""6"": 1.0, ""7"": 0.9989361702127659, ""8"": 1.0, ""9"": 0.24452554744525548, ""10"": 0.07207207207207207, ""11"": 0.0, ""12"": 0.0, ""13"": 0.8181818181818182, ""14"": 0.0}","[[11662.0, 0.0, 0.0, 0.0, 0.0, 0.0, 0.0, 0.0, 0.0, 0.0, 0.0, 0.0, 0.0, 0.0, 0.0], [0.0, 151.0, 0.0, 0.0, 0.0, 13.0, 0.0, 0.0, 0.0, 0.0, 0.0, 0.0, 0.0, 0.0, 0.0], [0.0, 0.0, 775.0, 0.0, 0.0, 0.0, 0.0, 0.0, 0.0, 0.0, 0.0, 0.0, 0.0, 0.0, 0.0], [0.0, 0.0, 0.0, 379.0, 0.0, 0.0, 0.0, 0.0, 0.0, 16.0, 0.0, 0.0, 0.0, 0.0, 0.0], [0.0, 0.0, 0.0, 0.0, 363.0, 0.0, 0.0, 0.0, 0.0, 0.0, 2.0, 0.0, 0.0, 0.0, 0.0], [0.0, 0.0, 0.0, 0.0, 0.0, 378.0, 0.0, 0.0, 0.0, 0.0, 0.0, 0.0, 0.0, 0.0, 0.0], [0.0, 0.0, 0.0, 0.0, 0.0, 0.0, 392.0, 0.0, 0.0, 0.0, 0.0, 0.0, 0.0, 0.0, 0.0], [0.0, 0.0, 1.0, 0.0, 0.0, 0.0, 0.0, 939.0, 0.0, 0.0, 0.0, 0.0, 0.0, 0.0, 0.0], [0.0, 0.0, 0.0, 0.0, 0.0, 0.0, 0.0, 0.0, 377.0, 0.0, 0.0, 0.0, 0.0, 0.0, 0.0], [0.0, 0.0, 0.0, 207.0, 0.0, 0.0, 0.0, 0.0, 0.0, 67.0, 0.0, 0.0, 0.0, 0.0, 0.0], [0.0, 0.0, 0.0, 0.0, 103.0, 0.0, 0.0, 0.0, 0.0, 0.0, 8.0, 0.0, 0.0, 0.0, 0.0], [0.0, 0.0, 0.0, 0.0, 0.0, 142.0, 0.0, 0.0, 0.0, 0.0, 0.0, 0.0, 0.0, 0.0, 0.0], [0.0, 64.0, 0.0, 0.0, 0.0, 9.0, 0.0, 0.0, 0.0, 0.0, 0.0, 0.0, 0.0, 0.0, 0.0], [0.0, 0.0, 0.0, 2.0, 0.0, 0.0, 0.0, 0.0, 0.0, 0.0, 0.0, 0.0, 0.0, 9.0, 0.0], [0.0, 0.0, 8.0, 0.0, 0.0, 0.0, 0.0, 0.0, 0.0, 0.0, 0.0, 0.0, 0.0, 0.0, 0.0]]","[[1.0, 0.0, 0.0, 0.0, 0.0, 0.0, 0.0, 0.0, 0.0, 0.0, 0.0, 0.0, 0.0, 0.0, 0.0], [0.0, 0.9207317073170732, 0.0, 0.0, 0.0, 0.07926829268292683, 0.0, 0.0, 0.0, 0.0, 0.0, 0.0, 0.0, 0.0, 0.0], [0.0, 0.0, 1.0, 0.0, 0.0, 0.0, 0.0, 0.0, 0.0, 0.0, 0.0, 0.0, 0.0, 0.0, 0.0], [0.0, 0.0, 0.0, 0.959493670886076, 0.0, 0.0, 0.0, 0.0, 0.0, 0.04050632911392405, 0.0, 0.0, 0.0, 0.0, 0.0], [0.0, 0.0, 0.0, 0.0, 0.9945205479452055, 0.0, 0.0, 0.0, 0.0, 0.0, 0.005479452054794521, 0.0, 0.0, 0.0, 0.0], [0.0, 0.0, 0.0, 0.0, 0.0, 1.0, 0.0, 0.0, 0.0, 0.0, 0.0, 0.0, 0.0, 0.0, 0.0], [0.0, 0.0, 0.0, 0.0, 0.0, 0.0, 1.0, 0.0, 0.0, 0.0, 0.0, 0.0, 0.0, 0.0, 0.0], [0.0, 0.0, 0.0010638297872340426, 0.0, 0.0, 0.0, 0.0, 0.9989361702127659, 0.0, 0.0, 0.0, 0.0, 0.0, 0.0, 0.0], [0.0, 0.0, 0.0, 0.0, 0.0, 0.0, 0.0, 0.0, 1.0, 0.0, 0.0, 0.0, 0.0, 0.0, 0.0], [0.0, 0.0, 0.0, 0.7554744525547445, 0.0, 0.0, 0.0, 0.0, 0.0, 0.24452554744525548, 0.0, 0.0, 0.0, 0.0, 0.0], [0.0, 0.0, 0.0, 0.0, 0.9279279279279279, 0.0, 0.0, 0.0, 0.0, 0.0, 0.07207207207207207, 0.0, 0.0, 0.0, 0.0], [0.0, 0.0, 0.0, 0.0, 0.0, 1.0, 0.0, 0.0, 0.0, 0.0, 0.0, 0.0, 0.0, 0.0, 0.0], [0.0, 0.8767123287671232, 0.0, 0.0, 0.0, 0.1232876712328767, 0.0, 0.0, 0.0, 0.0, 0.0, 0.0, 0.0, 0.0, 0.0], [0.0, 0.0, 0.0, 0.18181818181818182, 0.0, 0.0, 0.0, 0.0, 0.0, 0.0, 0.0, 0.0, 0.0, 0.8181818181818182, 0.0], [0.0, 0.0, 1.0, 0.0, 0.0, 0.0, 0.0, 0.0, 0.0, 0.0, 0.0, 0.0, 0.0, 0.0, 0.0]]","[""BENIGN"", ""BACKDOOR"", ""DDOS_ICMP"", ""PASSWORD"", ""DDOS_HTTP"", ""DDOS_TCP"", ""SQL_INJECTION"", ""DDOS_UDP"", ""VULNERABILITY_SCANNER"", ""UPLOADING"", ""XSS"", ""PORT_SCANNING"", ""RANSOMWARE"", ""MITM"", ""FINGERPRINTING""]",0.10212656491167896,1.0,5.793571472167969e-05,0.8809119088091191,0.10212656491167896,5.793571472167969e-05,,11.859962009080409,12.468734192658923,2.5247276201804145,252.47277361938927,4815.239832998486,1,0.01,64,,,,,,,,,,,,False,False,,
1,12,80331,15,0.07048746211457801,0.9662662600360988,0.07200800268008838,0.9647102757204208,0.665084646094926,0.6768393910153453,0.6768393910153453,0.0,"{""0"": 1.0, ""1"": 0.7968337730870713, ""2"": 0.9948652118100129, ""3"": 0.7754698318496538, ""4"": 0.8631319358816276, ""5"": 0.8085106382978723, ""6"": 1.0, ""7"": 0.9989373007438895, ""8"": 0.9973404255319149, ""9"": 0.3058103975535168, ""10"": 0.2097902097902098, ""11"": 0.5019011406844106, ""12"": 0.0, ""13"": 0.9, ""14"": 0.0}","{""0"": 1.0, ""1"": 0.7023255813953488, ""2"": 0.9897828863346104, ""3"": 0.6363636363636364, ""4"": 0.7847533632286996, ""5"": 0.7672209026128266, ""6"": 1.0, ""7"": 0.9978768577494692, ""8"": 1.0, ""9"": 0.9433962264150944, ""10"": 0.46875, ""11"": 0.5454545454545454, ""12"": 0.0, ""13"": 1.0, ""14"": 0.0}","{""0"": 1.0, ""1"": 0.9207317073170732, ""2"": 1.0, ""3"": 0.9924050632911392, ""4"": 0.958904109589041, ""5"": 0.8544973544973545, ""6"": 1.0, ""7"": 1.0, ""8"": 0.9946949602122016, ""9"": 0.18248175182481752, ""10"": 0.13513513513513514, ""11"": 0.4647887323943662, ""12"": 0.0, ""13"": 0.8181818181818182, ""14"": 0.0}","[[11662.0, 0.0, 0.0, 0.0, 0.0, 0.0, 0.0, 0.0, 0.0, 0.0, 0.0, 0.0, 0.0, 0.0, 0.0], [0.0, 151.0, 0.0, 0.0, 0.0, 13.0, 0.0, 0.0, 0.0, 0.0, 0.0, 0.0, 0.0, 0.0, 0.0], [0.0, 0.0, 775.0, 0.0, 0.0, 0.0, 0.0, 0.0, 0.0, 0.0, 0.0, 0.0, 0.0, 0.0, 0.0], [0.0, 0.0, 0.0, 392.0, 0.0, 0.0, 0.0, 0.0, 0.0, 3.0, 0.0, 0.0, 0.0, 0.0, 0.0], [0.0, 0.0, 0.0, 0.0, 350.0, 0.0, 0.0, 0.0, 0.0, 0.0, 15.0, 0.0, 0.0, 0.0, 0.0], [0.0, 0.0, 0.0, 0.0, 0.0, 323.0, 0.0, 0.0, 0.0, 0.0, 0.0, 55.0, 0.0, 0.0, 0.0], [0.0, 0.0, 0.0, 0.0, 0.0, 0.0, 392.0, 0.0, 0.0, 0.0, 0.0, 0.0, 0.0, 0.0, 0.0], [0.0, 0.0, 0.0, 0.0, 0.0, 0.0, 0.0, 940.0, 0.0, 0.0, 0.0, 0.0, 0.0, 0.0, 0.0], [0.0, 0.0, 0.0, 0.0, 0.0, 0.0, 0.0, 0.0, 375.0, 0.0, 2.0, 0.0, 0.0, 0.0, 0.0], [0.0, 0.0, 0.0, 224.0, 0.0, 0.0, 0.0, 0.0, 0.0, 50.0, 0.0, 0.0, 0.0, 0.0, 0.0], [0.0, 0.0, 0.0, 0.0, 96.0, 0.0, 0.0, 0.0, 0.0, 0.0, 15.0, 0.0, 0.0, 0.0, 0.0], [0.0, 0.0, 0.0, 0.0, 0.0, 76.0, 0.0, 0.0, 0.0, 0.0, 0.0, 66.0, 0.0, 0.0, 0.0], [0.0, 64.0, 0.0, 0.0, 0.0, 9.0, 0.0, 0.0, 0.0, 0.0, 0.0, 0.0, 0.0, 0.0, 0.0], [0.0, 0.0, 0.0, 0.0, 0.0, 0.0, 0.0, 2.0, 0.0, 0.0, 0.0, 0.0, 0.0, 9.0, 0.0], [0.0, 0.0, 8.0, 0.0, 0.0, 0.0, 0.0, 0.0, 0.0, 0.0, 0.0, 0.0, 0.0, 0.0, 0.0]]","[[1.0, 0.0, 0.0, 0.0, 0.0, 0.0, 0.0, 0.0, 0.0, 0.0, 0.0, 0.0, 0.0, 0.0, 0.0], [0.0, 0.9207317073170732, 0.0, 0.0, 0.0, 0.07926829268292683, 0.0, 0.0, 0.0, 0.0, 0.0, 0.0, 0.0, 0.0, 0.0], [0.0, 0.0, 1.0, 0.0, 0.0, 0.0, 0.0, 0.0, 0.0, 0.0, 0.0, 0.0, 0.0, 0.0, 0.0], [0.0, 0.0, 0.0, 0.9924050632911392, 0.0, 0.0, 0.0, 0.0, 0.0, 0.007594936708860759, 0.0, 0.0, 0.0, 0.0, 0.0], [0.0, 0.0, 0.0, 0.0, 0.958904109589041, 0.0, 0.0, 0.0, 0.0, 0.0, 0.0410958904109589, 0.0, 0.0, 0.0, 0.0], [0.0, 0.0, 0.0, 0.0, 0.0, 0.8544973544973545, 0.0, 0.0, 0.0, 0.0, 0.0, 0.1455026455026455, 0.0, 0.0, 0.0], [0.0, 0.0, 0.0, 0.0, 0.0, 0.0, 1.0, 0.0, 0.0, 0.0, 0.0, 0.0, 0.0, 0.0, 0.0], [0.0, 0.0, 0.0, 0.0, 0.0, 0.0, 0.0, 1.0, 0.0, 0.0, 0.0, 0.0, 0.0, 0.0, 0.0], [0.0, 0.0, 0.0, 0.0, 0.0, 0.0, 0.0, 0.0, 0.9946949602122016, 0.0, 0.005305039787798408, 0.0, 0.0, 0.0, 0.0], [0.0, 0.0, 0.0, 0.8175182481751825, 0.0, 0.0, 0.0, 0.0, 0.0, 0.18248175182481752, 0.0, 0.0, 0.0, 0.0, 0.0], [0.0, 0.0, 0.0, 0.0, 0.8648648648648649, 0.0, 0.0, 0.0, 0.0, 0.0, 0.13513513513513514, 0.0, 0.0, 0.0, 0.0], [0.0, 0.0, 0.0, 0.0, 0.0, 0.5352112676056338, 0.0, 0.0, 0.0, 0.0, 0.0, 0.4647887323943662, 0.0, 0.0, 0.0], [0.0, 0.8767123287671232, 0.0, 0.0, 0.0, 0.1232876712328767, 0.0, 0.0, 0.0, 0.0, 0.0, 0.0, 0.0, 0.0, 0.0], [0.0, 0.0, 0.0, 0.0, 0.0, 0.0, 0.0, 0.18181818181818182, 0.0, 0.0, 0.0, 0.0, 0.0, 0.8181818181818182, 0.0], [0.0, 0.0, 1.0, 0.0, 0.0, 0.0, 0.0, 0.0, 0.0, 0.0, 0.0, 0.0, 0.0, 0.0, 0.0]]","[""BENIGN"", ""BACKDOOR"", ""DDOS_ICMP"", ""PASSWORD"", ""DDOS_HTTP"", ""DDOS_TCP"", ""SQL_INJECTION"", ""DDOS_UDP"", ""VULNERABILITY_SCANNER"", ""UPLOADING"", ""XSS"", ""PORT_SCANNING"", ""RANSOMWARE"", ""MITM"", ""FINGERPRINTING""]",0.10161207340078889,1.0,7.95125961303711e-05,0.8814407203601801,0.10161207340078889,7.95125961303711e-05,,12.012772637011317,12.242328758617631,1.1811358927534779,118.11359032321351,4776.651624997612,1,0.01,64,,,,,,,,,,,,False,False,,
1,13,80331,15,0.07150854218115643,0.9651459513288106,0.07996262876963917,0.9658928238003361,0.6607023085004514,0.6477666928697035,0.6477666928697035,0.0,"{""0"": 1.0, ""1"": 0.7848101265822784, ""2"": 0.9942270686337396, ""3"": 0.7874720357941835, ""4"": 0.8680142687277052, ""5"": 0.8141592920353983, ""6"": 1.0, ""7"": 0.9984051036682615, ""8"": 0.9973404255319149, ""9"": 0.5720720720720721, ""10"": 0.0, ""11"": 0.0, ""12"": 0.0, ""13"": 0.9, ""14"": 0.0}","{""0"": 1.0, ""1"": 0.670995670995671, ""2"": 0.9885204081632653, ""3"": 0.7054108216432866, ""4"": 0.7668067226890757, ""5"": 0.6996197718631179, ""6"": 1.0, ""7"": 0.997874601487779, ""8"": 1.0, ""9"": 0.7470588235294118, ""10"": 0.0, ""11"": 0.0, ""12"": 0.0, ""13"": 1.0, ""14"": 0.0}","{""0"": 1.0, ""1"": 0.9451219512195121, ""2"": 1.0, ""3"": 0.8911392405063291, ""4"": 1.0, ""5"": 0.9735449735449735, ""6"": 1.0, ""7"": 0.9989361702127659, ""8"": 0.9946949602122016, ""9"": 0.4635036496350365, ""10"": 0.0, ""11"": 0.0, ""12"": 0.0, ""13"": 0.8181818181818182, ""14"": 0.0}","[[11662.0, 0.0, 0.0, 0.0, 0.0, 0.0, 0.0, 0.0, 0.0, 0.0, 0.0, 0.0, 0.0, 0.0, 0.0], [0.0, 155.0, 0.0, 0.0, 0.0, 9.0, 0.0, 0.0, 0.0, 0.0, 0.0, 0.0, 0.0, 0.0, 0.0], [0.0, 0.0, 775.0, 0.0, 0.0, 0.0, 0.0, 0.0, 0.0, 0.0, 0.0, 0.0, 0.0, 0.0, 0.0], [0.0, 0.0, 0.0, 352.0, 0.0, 0.0, 0.0, 0.0, 0.0, 43.0, 0.0, 0.0, 0.0, 0.0, 0.0], [0.0, 0.0, 0.0, 0.0, 365.0, 0.0, 0.0, 0.0, 0.0, 0.0, 0.0, 0.0, 0.0, 0.0, 0.0], [0.0, 10.0, 0.0, 0.0, 0.0, 368.0, 0.0, 0.0, 0.0, 0.0, 0.0, 0.0, 0.0, 0.0, 0.0], [0.0, 0.0, 0.0, 0.0, 0.0, 0.0, 392.0, 0.0, 0.0, 0.0, 0.0, 0.0, 0.0, 0.0, 0.0], [0.0, 0.0, 1.0, 0.0, 0.0, 0.0, 0.0, 939.0, 0.0, 0.0, 0.0, 0.0, 0.0, 0.0, 0.0], [0.0, 0.0, 0.0, 0.0, 0.0, 0.0, 0.0, 0.0, 375.0, 0.0, 2.0, 0.0, 0.0, 0.0, 0.0], [0.0, 0.0, 0.0, 147.0, 0.0, 0.0, 0.0, 0.0, 0.0, 127.0, 0.0, 0.0, 0.0, 0.0, 0.0], [0.0, 0.0, 0.0, 0.0, 111.0, 0.0, 0.0, 0.0, 0.0, 0.0, 0.0, 0.0, 0.0, 0.0, 0.0], [0.0, 0.0, 0.0, 0.0, 0.0, 142.0, 0.0, 0.0, 0.0, 0.0, 0.0, 0.0, 0.0, 0.0, 0.0], [0.0, 66.0, 0.0, 0.0, 0.0, 7.0, 0.0, 0.0, 0.0, 0.0, 0.0, 0.0, 0.0, 0.0, 0.0], [0.0, 0.0, 0.0, 0.0, 0.0, 0.0, 0.0, 2.0, 0.0, 0.0, 0.0, 0.0, 0.0, 9.0, 0.0], [0.0, 0.0, 8.0, 0.0, 0.0, 0.0, 0.0, 0.0, 0.0, 0.0, 0.0, 0.0, 0.0, 0.0, 0.0]]","[[1.0, 0.0, 0.0, 0.0, 0.0, 0.0, 0.0, 0.0, 0.0, 0.0, 0.0, 0.0, 0.0, 0.0, 0.0], [0.0, 0.9451219512195121, 0.0, 0.0, 0.0, 0.054878048780487805, 0.0, 0.0, 0.0, 0.0, 0.0, 0.0, 0.0, 0.0, 0.0], [0.0, 0.0, 1.0, 0.0, 0.0, 0.0, 0.0, 0.0, 0.0, 0.0, 0.0, 0.0, 0.0, 0.0, 0.0], [0.0, 0.0, 0.0, 0.8911392405063291, 0.0, 0.0, 0.0, 0.0, 0.0, 0.10886075949367088, 0.0, 0.0, 0.0, 0.0, 0.0], [0.0, 0.0, 0.0, 0.0, 1.0, 0.0, 0.0, 0.0, 0.0, 0.0, 0.0, 0.0, 0.0, 0.0, 0.0], [0.0, 0.026455026455026454, 0.0, 0.0, 0.0, 0.9735449735449735, 0.0, 0.0, 0.0, 0.0, 0.0, 0.0, 0.0, 0.0, 0.0], [0.0, 0.0, 0.0, 0.0, 0.0, 0.0, 1.0, 0.0, 0.0, 0.0, 0.0, 0.0, 0.0, 0.0, 0.0], [0.0, 0.0, 0.0010638297872340426, 0.0, 0.0, 0.0, 0.0, 0.9989361702127659, 0.0, 0.0, 0.0, 0.0, 0.0, 0.0, 0.0], [0.0, 0.0, 0.0, 0.0, 0.0, 0.0, 0.0, 0.0, 0.9946949602122016, 0.0, 0.005305039787798408, 0.0, 0.0, 0.0, 0.0], [0.0, 0.0, 0.0, 0.5364963503649635, 0.0, 0.0, 0.0, 0.0, 0.0, 0.4635036496350365, 0.0, 0.0, 0.0, 0.0, 0.0], [0.0, 0.0, 0.0, 0.0, 1.0, 0.0, 0.0, 0.0, 0.0, 0.0, 0.0, 0.0, 0.0, 0.0, 0.0], [0.0, 0.0, 0.0, 0.0, 0.0, 1.0, 0.0, 0.0, 0.0, 0.0, 0.0, 0.0, 0.0, 0.0, 0.0], [0.0, 0.9041095890410958, 0.0, 0.0, 0.0, 0.0958904109589041, 0.0, 0.0, 0.0, 0.0, 0.0, 0.0, 0.0, 0.0, 0.0], [0.0, 0.0, 0.0, 0.0, 0.0, 0.0, 0.0, 0.18181818181818182, 0.0, 0.0, 0.0, 0.0, 0.0, 0.8181818181818182, 0.0], [0.0, 0.0, 1.0, 0.0, 0.0, 0.0, 0.0, 0.0, 0.0, 0.0, 0.0, 0.0, 0.0, 0.0, 0.0]]","[""BENIGN"", ""BACKDOOR"", ""DDOS_ICMP"", ""PASSWORD"", ""DDOS_HTTP"", ""DDOS_TCP"", ""SQL_INJECTION"", ""DDOS_UDP"", ""VULNERABILITY_SCANNER"", ""UPLOADING"", ""XSS"", ""PORT_SCANNING"", ""RANSOMWARE"", ""MITM"", ""FINGERPRINTING""]",0.09500943234436632,1.0,0.00010585784912109375,0.888283928211333,0.09500943234436632,0.00010585784912109375,,12.161323504820313,12.365574736995505,1.0089724993403775,100.89725541010515,4832.803083001636,1,0.01,64,,,,,,,,,,,,False,False,,
1,14,80331,15,0.06972931834562833,0.9665774568992345,0.0805954493768843,0.9651459513288106,0.6500665521550683,0.6922823339849848,0.6922823339849848,0.0,"{""0"": 1.0, ""1"": 0.7968337730870713, ""2"": 0.9942270686337396, ""3"": 0.7274881516587678, ""4"": 0.8753056234718827, ""5"": 0.823238566131026, ""6"": 0.9683143219264893, ""7"": 0.9984051036682615, ""8"": 1.0, ""9"": 0.5398773006134969, ""10"": 0.23880597014925373, ""11"": 0.5217391304347826, ""12"": 0.0, ""13"": 0.9, ""14"": 0.0}","{""0"": 1.0, ""1"": 0.7023255813953488, ""2"": 0.9885204081632653, ""3"": 0.6837416481069042, ""4"": 0.7902869757174393, ""5"": 0.7726218097447796, ""6"": 0.9622166246851386, ""7"": 0.997874601487779, ""8"": 1.0, ""9"": 0.6139534883720931, ""10"": 0.6956521739130435, ""11"": 0.5945945945945946, ""12"": 0.0, ""13"": 1.0, ""14"": 0.0}","{""0"": 1.0, ""1"": 0.9207317073170732, ""2"": 1.0, ""3"": 0.7772151898734178, ""4"": 0.9808219178082191, ""5"": 0.8809523809523809, ""6"": 0.9744897959183674, ""7"": 0.9989361702127659, ""8"": 1.0, ""9"": 0.48175182481751827, ""10"": 0.14414414414414414, ""11"": 0.4647887323943662, ""12"": 0.0, ""13"": 0.8181818181818182, ""14"": 0.0}","[[11662.0, 0.0, 0.0, 0.0, 0.0, 0.0, 0.0, 0.0, 0.0, 0.0, 0.0, 0.0, 0.0, 0.0, 0.0], [0.0, 151.0, 0.0, 0.0, 0.0, 13.0, 0.0, 0.0, 0.0, 0.0, 0.0, 0.0, 0.0, 0.0, 0.0], [0.0, 0.0, 775.0, 0.0, 0.0, 0.0, 0.0, 0.0, 0.0, 0.0, 0.0, 0.0, 0.0, 0.0, 0.0], [0.0, 0.0, 0.0, 307.0, 0.0, 0.0, 15.0, 0.0, 0.0, 73.0, 0.0, 0.0, 0.0, 0.0, 0.0], [0.0, 0.0, 0.0, 0.0, 358.0, 0.0, 0.0, 0.0, 0.0, 0.0, 7.0, 0.0, 0.0, 0.0, 0.0], [0.0, 0.0, 0.0, 0.0, 0.0, 333.0, 0.0, 0.0, 0.0, 0.0, 0.0, 45.0, 0.0, 0.0, 0.0], [0.0, 0.0, 0.0, 0.0, 0.0, 0.0, 382.0, 0.0, 0.0, 10.0, 0.0, 0.0, 0.0, 0.0, 0.0], [0.0, 0.0, 1.0, 0.0, 0.0, 0.0, 0.0, 939.0, 0.0, 0.0, 0.0, 0.0, 0.0, 0.0, 0.0], [0.0, 0.0, 0.0, 0.0, 0.0, 0.0, 0.0, 0.0, 377.0, 0.0, 0.0, 0.0, 0.0, 0.0, 0.0], [0.0, 0.0, 0.0, 142.0, 0.0, 0.0, 0.0, 0.0, 0.0, 132.0, 0.0, 0.0, 0.0, 0.0, 0.0], [0.0, 0.0, 0.0, 0.0, 95.0, 0.0, 0.0, 0.0, 0.0, 0.0, 16.0, 0.0, 0.0, 0.0, 0.0], [0.0, 0.0, 0.0, 0.0, 0.0, 76.0, 0.0, 0.0, 0.0, 0.0, 0.0, 66.0, 0.0, 0.0, 0.0], [0.0, 64.0, 0.0, 0.0, 0.0, 9.0, 0.0, 0.0, 0.0, 0.0, 0.0, 0.0, 0.0, 0.0, 0.0], [0.0, 0.0, 0.0, 0.0, 0.0, 0.0, 0.0, 2.0, 0.0, 0.0, 0.0, 0.0, 0.0, 9.0, 0.0], [0.0, 0.0, 8.0, 0.0, 0.0, 0.0, 0.0, 0.0, 0.0, 0.0, 0.0, 0.0, 0.0, 0.0, 0.0]]","[[1.0, 0.0, 0.0, 0.0, 0.0, 0.0, 0.0, 0.0, 0.0, 0.0, 0.0, 0.0, 0.0, 0.0, 0.0], [0.0, 0.9207317073170732, 0.0, 0.0, 0.0, 0.07926829268292683, 0.0, 0.0, 0.0, 0.0, 0.0, 0.0, 0.0, 0.0, 0.0], [0.0, 0.0, 1.0, 0.0, 0.0, 0.0, 0.0, 0.0, 0.0, 0.0, 0.0, 0.0, 0.0, 0.0, 0.0], [0.0, 0.0, 0.0, 0.7772151898734178, 0.0, 0.0, 0.0379746835443038, 0.0, 0.0, 0.1848101265822785, 0.0, 0.0, 0.0, 0.0, 0.0], [0.0, 0.0, 0.0, 0.0, 0.9808219178082191, 0.0, 0.0, 0.0, 0.0, 0.0, 0.019178082191780823, 0.0, 0.0, 0.0, 0.0], [0.0, 0.0, 0.0, 0.0, 0.0, 0.8809523809523809, 0.0, 0.0, 0.0, 0.0, 0.0, 0.11904761904761904, 0.0, 0.0, 0.0], [0.0, 0.0, 0.0, 0.0, 0.0, 0.0, 0.9744897959183674, 0.0, 0.0, 0.025510204081632654, 0.0, 0.0, 0.0, 0.0, 0.0], [0.0, 0.0, 0.0010638297872340426, 0.0, 0.0, 0.0, 0.0, 0.9989361702127659, 0.0, 0.0, 0.0, 0.0, 0.0, 0.0, 0.0], [0.0, 0.0, 0.0, 0.0, 0.0, 0.0, 0.0, 0.0, 1.0, 0.0, 0.0, 0.0, 0.0, 0.0, 0.0], [0.0, 0.0, 0.0, 0.5182481751824818, 0.0, 0.0, 0.0, 0.0, 0.0, 0.48175182481751827, 0.0, 0.0, 0.0, 0.0, 0.0], [0.0, 0.0, 0.0, 0.0, 0.8558558558558559, 0.0, 0.0, 0.0, 0.0, 0.0, 0.14414414414414414, 0.0, 0.0, 0.0, 0.0], [0.0, 0.0, 0.0, 0.0, 0.0, 0.5352112676056338, 0.0, 0.0, 0.0, 0.0, 0.0, 0.4647887323943662, 0.0, 0.0, 0.0], [0.0, 0.8767123287671232, 0.0, 0.0, 0.0, 0.1232876712328767, 0.0, 0.0, 0.0, 0.0, 0.0, 0.0, 0.0, 0.0, 0.0], [0.0, 0.0, 0.0, 0.0, 0.0, 0.0, 0.0, 0.18181818181818182, 0.0, 0.0, 0.0, 0.0, 0.0, 0.8181818181818182, 0.0], [0.0, 0.0, 1.0, 0.0, 0.0, 0.0, 0.0, 0.0, 0.0, 0.0, 0.0, 0.0, 0.0, 0.0, 0.0]]","[""BENIGN"", ""BACKDOOR"", ""DDOS_ICMP"", ""PASSWORD"", ""DDOS_HTTP"", ""DDOS_TCP"", ""SQL_INJECTION"", ""DDOS_UDP"", ""VULNERABILITY_SCANNER"", ""UPLOADING"", ""XSS"", ""PORT_SCANNING"", ""RANSOMWARE"", ""MITM"", ""FINGERPRINTING""]",0.10229806208197564,1.0,2.0623207092285156e-05,0.8807357792662202,0.10229806208197564,2.0623207092285156e-05,,12.33846734096877,12.522066494624875,1.2410809244723608,124.10809868784595,4848.613333015237,1,0.01,64,,,,,,,,,,,,False,False,,
1,15,80331,15,0.06896348575989418,0.9690670318043194,0.07109410895603265,0.9706230161199975,0.7112137057997685,0.7289607406768188,0.7289607406768188,0.0,"{""0"": 1.0, ""1"": 0.7968337730870713, ""2"": 0.9948652118100129, ""3"": 0.7901234567901234, ""4"": 0.8888888888888888, ""5"": 0.8463356973995272, ""6"": 1.0, ""7"": 0.9989373007438895, ""8"": 1.0, ""9"": 0.5816554809843401, ""10"": 0.6367713004484304, ""11"": 0.5, ""12"": 0.0, ""13"": 0.9, ""14"": 0.0}","{""0"": 1.0, ""1"": 0.7023255813953488, ""2"": 0.9897828863346104, ""3"": 0.7096774193548387, ""4"": 0.8901098901098901, ""5"": 0.7649572649572649, ""6"": 1.0, ""7"": 0.9978768577494692, ""8"": 1.0, ""9"": 0.7514450867052023, ""10"": 0.6339285714285714, ""11"": 0.7297297297297297, ""12"": 0.0, ""13"": 1.0, ""14"": 0.0}","{""0"": 1.0, ""1"": 0.9207317073170732, ""2"": 1.0, ""3"": 0.8911392405063291, ""4"": 0.8876712328767123, ""5"": 0.9470899470899471, ""6"": 1.0, ""7"": 1.0, ""8"": 1.0, ""9"": 0.4744525547445255, ""10"": 0.6396396396396397, ""11"": 0.38028169014084506, ""12"": 0.0, ""13"": 0.8181818181818182, ""14"": 0.0}","[[11662.0, 0.0, 0.0, 0.0, 0.0, 0.0, 0.0, 0.0, 0.0, 0.0, 0.0, 0.0, 0.0, 0.0, 0.0], [0.0, 151.0, 0.0, 0.0, 0.0, 13.0, 0.0, 0.0, 0.0, 0.0, 0.0, 0.0, 0.0, 0.0, 0.0], [0.0, 0.0, 775.0, 0.0, 0.0, 0.0, 0.0, 0.0, 0.0, 0.0, 0.0, 0.0, 0.0, 0.0, 0.0], [0.0, 0.0, 0.0, 352.0, 0.0, 0.0, 0.0, 0.0, 0.0, 43.0, 0.0, 0.0, 0.0, 0.0, 0.0], [0.0, 0.0, 0.0, 0.0, 324.0, 0.0, 0.0, 0.0, 0.0, 0.0, 41.0, 0.0, 0.0, 0.0, 0.0], [0.0, 0.0, 0.0, 0.0, 0.0, 358.0, 0.0, 0.0, 0.0, 0.0, 0.0, 20.0, 0.0, 0.0, 0.0], [0.0, 0.0, 0.0, 0.0, 0.0, 0.0, 392.0, 0.0, 0.0, 0.0, 0.0, 0.0, 0.0, 0.0, 0.0], [0.0, 0.0, 0.0, 0.0, 0.0, 0.0, 0.0, 940.0, 0.0, 0.0, 0.0, 0.0, 0.0, 0.0, 0.0], [0.0, 0.0, 0.0, 0.0, 0.0, 0.0, 0.0, 0.0, 377.0, 0.0, 0.0, 0.0, 0.0, 0.0, 0.0], [0.0, 0.0, 0.0, 144.0, 0.0, 0.0, 0.0, 0.0, 0.0, 130.0, 0.0, 0.0, 0.0, 0.0, 0.0], [0.0, 0.0, 0.0, 0.0, 40.0, 0.0, 0.0, 0.0, 0.0, 0.0, 71.0, 0.0, 0.0, 0.0, 0.0], [0.0, 0.0, 0.0, 0.0, 0.0, 88.0, 0.0, 0.0, 0.0, 0.0, 0.0, 54.0, 0.0, 0.0, 0.0], [0.0, 64.0, 0.0, 0.0, 0.0, 9.0, 0.0, 0.0, 0.0, 0.0, 0.0, 0.0, 0.0, 0.0, 0.0], [0.0, 0.0, 0.0, 0.0, 0.0, 0.0, 0.0, 2.0, 0.0, 0.0, 0.0, 0.0, 0.0, 9.0, 0.0], [0.0, 0.0, 8.0, 0.0, 0.0, 0.0, 0.0, 0.0, 0.0, 0.0, 0.0, 0.0, 0.0, 0.0, 0.0]]","[[1.0, 0.0, 0.0, 0.0, 0.0, 0.0, 0.0, 0.0, 0.0, 0.0, 0.0, 0.0, 0.0, 0.0, 0.0], [0.0, 0.9207317073170732, 0.0, 0.0, 0.0, 0.07926829268292683, 0.0, 0.0, 0.0, 0.0, 0.0, 0.0, 0.0, 0.0, 0.0], [0.0, 0.0, 1.0, 0.0, 0.0, 0.0, 0.0, 0.0, 0.0, 0.0, 0.0, 0.0, 0.0, 0.0, 0.0], [0.0, 0.0, 0.0, 0.8911392405063291, 0.0, 0.0, 0.0, 0.0, 0.0, 0.10886075949367088, 0.0, 0.0, 0.0, 0.0, 0.0], [0.0, 0.0, 0.0, 0.0, 0.8876712328767123, 0.0, 0.0, 0.0, 0.0, 0.0, 0.11232876712328767, 0.0, 0.0, 0.0, 0.0], [0.0, 0.0, 0.0, 0.0, 0.0, 0.9470899470899471, 0.0, 0.0, 0.0, 0.0, 0.0, 0.05291005291005291, 0.0, 0.0, 0.0], [0.0, 0.0, 0.0, 0.0, 0.0, 0.0, 1.0, 0.0, 0.0, 0.0, 0.0, 0.0, 0.0, 0.0, 0.0], [0.0, 0.0, 0.0, 0.0, 0.0, 0.0, 0.0, 1.0, 0.0, 0.0, 0.0, 0.0, 0.0, 0.0, 0.0], [0.0, 0.0, 0.0, 0.0, 0.0, 0.0, 0.0, 0.0, 1.0, 0.0, 0.0, 0.0, 0.0, 0.0, 0.0], [0.0, 0.0, 0.0, 0.5255474452554745, 0.0, 0.0, 0.0, 0.0, 0.0, 0.4744525547445255, 0.0, 0.0, 0.0, 0.0, 0.0], [0.0, 0.0, 0.0, 0.0, 0.36036036036036034, 0.0, 0.0, 0.0, 0.0, 0.0, 0.6396396396396397, 0.0, 0.0, 0.0, 0.0], [0.0, 0.0, 0.0, 0.0, 0.0, 0.6197183098591549, 0.0, 0.0, 0.0, 0.0, 0.0, 0.38028169014084506, 0.0, 0.0, 0.0], [0.0, 0.8767123287671232, 0.0, 0.0, 0.0, 0.1232876712328767, 0.0, 0.0, 0.0, 0.0, 0.0, 0.0, 0.0, 0.0, 0.0], [0.0, 0.0, 0.0, 0.0, 0.0, 0.0, 0.0, 0.18181818181818182, 0.0, 0.0, 0.0, 0.0, 0.0, 0.8181818181818182, 0.0], [0.0, 0.0, 1.0, 0.0, 0.0, 0.0, 0.0, 0.0, 0.0, 0.0, 0.0, 0.0, 0.0, 0.0, 0.0]]","[""BENIGN"", ""BACKDOOR"", ""DDOS_ICMP"", ""PASSWORD"", ""DDOS_HTTP"", ""DDOS_TCP"", ""SQL_INJECTION"", ""DDOS_UDP"", ""VULNERABILITY_SCANNER"", ""UPLOADING"", ""XSS"", ""PORT_SCANNING"", ""RANSOMWARE"", ""MITM"", ""FINGERPRINTING""]",0.09989710169782198,1.0,0.00010943412780761719,0.8832080200501253,0.09989710169782198,0.00010943412780761719,,12.483888873254783,12.632493798901569,1.0974069340618846,109.74069276938985,4835.649500018917,1,0.01,64,,,,,,,,,,,,False,False,,
1,16,80331,15,0.06802966207167824,0.9672620899981328,0.0716490433292102,0.9671376112528786,0.6794652910245134,0.7040535187483247,0.7040535187483247,0.0,"{""0"": 1.0, ""1"": 0.7949367088607595, ""2"": 0.9942270686337396, ""3"": 0.7214377406931964, ""4"": 0.872366790582404, ""5"": 0.8435544430538173, ""6"": 1.0, ""7"": 0.9984051036682615, ""8"": 1.0, ""9"": 0.6118067978533095, ""10"": 0.2896551724137931, ""11"": 0.5344129554655871, ""12"": 0.0, ""13"": 0.9, ""14"": 0.0}","{""0"": 1.0, ""1"": 0.6796536796536796, ""2"": 0.9885204081632653, ""3"": 0.7317708333333334, ""4"": 0.7963800904977375, ""5"": 0.8004750593824228, ""6"": 1.0, ""7"": 0.997874601487779, ""8"": 1.0, ""9"": 0.6, ""10"": 0.6176470588235294, ""11"": 0.6285714285714286, ""12"": 0.0, ""13"": 1.0, ""14"": 0.0}","{""0"": 1.0, ""1"": 0.9573170731707317, ""2"": 1.0, ""3"": 0.7113924050632912, ""4"": 0.9643835616438357, ""5"": 0.8915343915343915, ""6"": 1.0, ""7"": 0.9989361702127659, ""8"": 1.0, ""9"": 0.6240875912408759, ""10"": 0.1891891891891892, ""11"": 0.4647887323943662, ""12"": 0.0, ""13"": 0.8181818181818182, ""14"": 0.0}","[[11662.0, 0.0, 0.0, 0.0, 0.0, 0.0, 0.0, 0.0, 0.0, 0.0, 0.0, 0.0, 0.0, 0.0, 0.0], [0.0, 157.0, 0.0, 0.0, 0.0, 7.0, 0.0, 0.0, 0.0, 0.0, 0.0, 0.0, 0.0, 0.0, 0.0], [0.0, 0.0, 775.0, 0.0, 0.0, 0.0, 0.0, 0.0, 0.0, 0.0, 0.0, 0.0, 0.0, 0.0, 0.0], [0.0, 0.0, 0.0, 281.0, 0.0, 0.0, 0.0, 0.0, 0.0, 114.0, 0.0, 0.0, 0.0, 0.0, 0.0], [0.0, 0.0, 0.0, 0.0, 352.0, 0.0, 0.0, 0.0, 0.0, 0.0, 13.0, 0.0, 0.0, 0.0, 0.0], [0.0, 2.0, 0.0, 0.0, 0.0, 337.0, 0.0, 0.0, 0.0, 0.0, 0.0, 39.0, 0.0, 0.0, 0.0], [0.0, 0.0, 0.0, 0.0, 0.0, 0.0, 392.0, 0.0, 0.0, 0.0, 0.0, 0.0, 0.0, 0.0, 0.0], [0.0, 0.0, 1.0, 0.0, 0.0, 0.0, 0.0, 939.0, 0.0, 0.0, 0.0, 0.0, 0.0, 0.0, 0.0], [0.0, 0.0, 0.0, 0.0, 0.0, 0.0, 0.0, 0.0, 377.0, 0.0, 0.0, 0.0, 0.0, 0.0, 0.0], [0.0, 0.0, 0.0, 103.0, 0.0, 0.0, 0.0, 0.0, 0.0, 171.0, 0.0, 0.0, 0.0, 0.0, 0.0], [0.0, 0.0, 0.0, 0.0, 90.0, 0.0, 0.0, 0.0, 0.0, 0.0, 21.0, 0.0, 0.0, 0.0, 0.0], [0.0, 2.0, 0.0, 0.0, 0.0, 74.0, 0.0, 0.0, 0.0, 0.0, 0.0, 66.0, 0.0, 0.0, 0.0], [0.0, 70.0, 0.0, 0.0, 0.0, 3.0, 0.0, 0.0, 0.0, 0.0, 0.0, 0.0, 0.0, 0.0, 0.0], [0.0, 0.0, 0.0, 0.0, 0.0, 0.0, 0.0, 2.0, 0.0, 0.0, 0.0, 0.0, 0.0, 9.0, 0.0], [0.0, 0.0, 8.0, 0.0, 0.0, 0.0, 0.0, 0.0, 0.0, 0.0, 0.0, 0.0, 0.0, 0.0, 0.0]]","[[1.0, 0.0, 0.0, 0.0, 0.0, 0.0, 0.0, 0.0, 0.0, 0.0, 0.0, 0.0, 0.0, 0.0, 0.0], [0.0, 0.9573170731707317, 0.0, 0.0, 0.0, 0.042682926829268296, 0.0, 0.0, 0.0, 0.0, 0.0, 0.0, 0.0, 0.0, 0.0], [0.0, 0.0, 1.0, 0.0, 0.0, 0.0, 0.0, 0.0, 0.0, 0.0, 0.0, 0.0, 0.0, 0.0, 0.0], [0.0, 0.0, 0.0, 0.7113924050632912, 0.0, 0.0, 0.0, 0.0, 0.0, 0.28860759493670884, 0.0, 0.0, 0.0, 0.0, 0.0], [0.0, 0.0, 0.0, 0.0, 0.9643835616438357, 0.0, 0.0, 0.0, 0.0, 0.0, 0.03561643835616438, 0.0, 0.0, 0.0, 0.0], [0.0, 0.005291005291005291, 0.0, 0.0, 0.0, 0.8915343915343915, 0.0, 0.0, 0.0, 0.0, 0.0, 0.10317460317460317, 0.0, 0.0, 0.0], [0.0, 0.0, 0.0, 0.0, 0.0, 0.0, 1.0, 0.0, 0.0, 0.0, 0.0, 0.0, 0.0, 0.0, 0.0], [0.0, 0.0, 0.0010638297872340426, 0.0, 0.0, 0.0, 0.0, 0.9989361702127659, 0.0, 0.0, 0.0, 0.0, 0.0, 0.0, 0.0], [0.0, 0.0, 0.0, 0.0, 0.0, 0.0, 0.0, 0.0, 1.0, 0.0, 0.0, 0.0, 0.0, 0.0, 0.0], [0.0, 0.0, 0.0, 0.3759124087591241, 0.0, 0.0, 0.0, 0.0, 0.0, 0.6240875912408759, 0.0, 0.0, 0.0, 0.0, 0.0], [0.0, 0.0, 0.0, 0.0, 0.8108108108108109, 0.0, 0.0, 0.0, 0.0, 0.0, 0.1891891891891892, 0.0, 0.0, 0.0, 0.0], [0.0, 0.014084507042253521, 0.0, 0.0, 0.0, 0.5211267605633803, 0.0, 0.0, 0.0, 0.0, 0.0, 0.4647887323943662, 0.0, 0.0, 0.0], [0.0, 0.958904109589041, 0.0, 0.0, 0.0, 0.0410958904109589, 0.0, 0.0, 0.0, 0.0, 0.0, 0.0, 0.0, 0.0, 0.0], [0.0, 0.0, 0.0, 0.0, 0.0, 0.0, 0.0, 0.18181818181818182, 0.0, 0.0, 0.0, 0.0, 0.0, 0.8181818181818182, 0.0], [0.0, 0.0, 1.0, 0.0, 0.0, 0.0, 0.0, 0.0, 0.0, 0.0, 0.0, 0.0, 0.0, 0.0, 0.0]]","[""BENIGN"", ""BACKDOOR"", ""DDOS_ICMP"", ""PASSWORD"", ""DDOS_HTTP"", ""DDOS_TCP"", ""SQL_INJECTION"", ""DDOS_UDP"", ""VULNERABILITY_SCANNER"", ""UPLOADING"", ""XSS"", ""PORT_SCANNING"", ""RANSOMWARE"", ""MITM"", ""FINGERPRINTING""]",0.10212656491167896,1.0,2.4080276489257812e-05,0.8809119088091191,0.10212656491167896,2.4080276489257812e-05,,12.625541926192293,12.759739534616182,0.8811063786912267,88.11063627776804,4852.236582984915,1,0.01,64,,,,,,,,,,,,False,False,,
1,17,80331,15,0.0694191019991642,0.9689425530590652,0.07754528137326945,0.9677600049791498,0.7008975832916736,0.682062974214832,0.682062974214832,0.0,"{""0"": 1.0, ""1"": 0.7968337730870713, ""2"": 0.9935897435897436, ""3"": 0.7864184008762322, ""4"": 0.8680142687277052, ""5"": 0.8375451263537906, ""6"": 1.0, ""7"": 0.997872340425532, ""8"": 0.99867197875166, ""9"": 0.5411764705882353, ""10"": 0.0, ""11"": 0.5108225108225108, ""12"": 0.0, ""13"": 0.9, ""14"": 0.0}","{""0"": 1.0, ""1"": 0.7023255813953488, ""2"": 0.9872611464968153, ""3"": 0.693050193050193, ""4"": 0.7668067226890757, ""5"": 0.7682119205298014, ""6"": 1.0, ""7"": 0.997872340425532, ""8"": 1.0, ""9"": 0.7615894039735099, ""10"": 0.0, ""11"": 0.6629213483146067, ""12"": 0.0, ""13"": 1.0, ""14"": 0.0}","{""0"": 1.0, ""1"": 0.9207317073170732, ""2"": 1.0, ""3"": 0.9088607594936708, ""4"": 1.0, ""5"": 0.9206349206349206, ""6"": 1.0, ""7"": 0.997872340425532, ""8"": 0.9973474801061007, ""9"": 0.4197080291970803, ""10"": 0.0, ""11"": 0.4154929577464789, ""12"": 0.0, ""13"": 0.8181818181818182, ""14"": 0.0}","[[11662.0, 0.0, 0.0, 0.0, 0.0, 0.0, 0.0, 0.0, 0.0, 0.0, 0.0, 0.0, 0.0, 0.0, 0.0], [0.0, 151.0, 0.0, 0.0, 0.0, 13.0, 0.0, 0.0, 0.0, 0.0, 0.0, 0.0, 0.0, 0.0, 0.0], [0.0, 0.0, 775.0, 0.0, 0.0, 0.0, 0.0, 0.0, 0.0, 0.0, 0.0, 0.0, 0.0, 0.0, 0.0], [0.0, 0.0, 0.0, 359.0, 0.0, 0.0, 0.0, 0.0, 0.0, 36.0, 0.0, 0.0, 0.0, 0.0, 0.0], [0.0, 0.0, 0.0, 0.0, 365.0, 0.0, 0.0, 0.0, 0.0, 0.0, 0.0, 0.0, 0.0, 0.0, 0.0], [0.0, 0.0, 0.0, 0.0, 0.0, 348.0, 0.0, 0.0, 0.0, 0.0, 0.0, 30.0, 0.0, 0.0, 0.0], [0.0, 0.0, 0.0, 0.0, 0.0, 0.0, 392.0, 0.0, 0.0, 0.0, 0.0, 0.0, 0.0, 0.0, 0.0], [0.0, 0.0, 2.0, 0.0, 0.0, 0.0, 0.0, 938.0, 0.0, 0.0, 0.0, 0.0, 0.0, 0.0, 0.0], [0.0, 0.0, 0.0, 0.0, 0.0, 0.0, 0.0, 0.0, 376.0, 0.0, 1.0, 0.0, 0.0, 0.0, 0.0], [0.0, 0.0, 0.0, 159.0, 0.0, 0.0, 0.0, 0.0, 0.0, 115.0, 0.0, 0.0, 0.0, 0.0, 0.0], [0.0, 0.0, 0.0, 0.0, 111.0, 0.0, 0.0, 0.0, 0.0, 0.0, 0.0, 0.0, 0.0, 0.0, 0.0], [0.0, 0.0, 0.0, 0.0, 0.0, 83.0, 0.0, 0.0, 0.0, 0.0, 0.0, 59.0, 0.0, 0.0, 0.0], [0.0, 64.0, 0.0, 0.0, 0.0, 9.0, 0.0, 0.0, 0.0, 0.0, 0.0, 0.0, 0.0, 0.0, 0.0], [0.0, 0.0, 0.0, 0.0, 0.0, 0.0, 0.0, 2.0, 0.0, 0.0, 0.0, 0.0, 0.0, 9.0, 0.0], [0.0, 0.0, 8.0, 0.0, 0.0, 0.0, 0.0, 0.0, 0.0, 0.0, 0.0, 0.0, 0.0, 0.0, 0.0]]","[[1.0, 0.0, 0.0, 0.0, 0.0, 0.0, 0.0, 0.0, 0.0, 0.0, 0.0, 0.0, 0.0, 0.0, 0.0], [0.0, 0.9207317073170732, 0.0, 0.0, 0.0, 0.07926829268292683, 0.0, 0.0, 0.0, 0.0, 0.0, 0.0, 0.0, 0.0, 0.0], [0.0, 0.0, 1.0, 0.0, 0.0, 0.0, 0.0, 0.0, 0.0, 0.0, 0.0, 0.0, 0.0, 0.0, 0.0], [0.0, 0.0, 0.0, 0.9088607594936708, 0.0, 0.0, 0.0, 0.0, 0.0, 0.09113924050632911, 0.0, 0.0, 0.0, 0.0, 0.0], [0.0, 0.0, 0.0, 0.0, 1.0, 0.0, 0.0, 0.0, 0.0, 0.0, 0.0, 0.0, 0.0, 0.0, 0.0], [0.0, 0.0, 0.0, 0.0, 0.0, 0.9206349206349206, 0.0, 0.0, 0.0, 0.0, 0.0, 0.07936507936507936, 0.0, 0.0, 0.0], [0.0, 0.0, 0.0, 0.0, 0.0, 0.0, 1.0, 0.0, 0.0, 0.0, 0.0, 0.0, 0.0, 0.0, 0.0], [0.0, 0.0, 0.002127659574468085, 0.0, 0.0, 0.0, 0.0, 0.997872340425532, 0.0, 0.0, 0.0, 0.0, 0.0, 0.0, 0.0], [0.0, 0.0, 0.0, 0.0, 0.0, 0.0, 0.0, 0.0, 0.9973474801061007, 0.0, 0.002652519893899204, 0.0, 0.0, 0.0, 0.0], [0.0, 0.0, 0.0, 0.5802919708029197, 0.0, 0.0, 0.0, 0.0, 0.0, 0.4197080291970803, 0.0, 0.0, 0.0, 0.0, 0.0], [0.0, 0.0, 0.0, 0.0, 1.0, 0.0, 0.0, 0.0, 0.0, 0.0, 0.0, 0.0, 0.0, 0.0, 0.0], [0.0, 0.0, 0.0, 0.0, 0.0, 0.5845070422535211, 0.0, 0.0, 0.0, 0.0, 0.0, 0.4154929577464789, 0.0, 0.0, 0.0], [0.0, 0.8767123287671232, 0.0, 0.0, 0.0, 0.1232876712328767, 0.0, 0.0, 0.0, 0.0, 0.0, 0.0, 0.0, 0.0, 0.0], [0.0, 0.0, 0.0, 0.0, 0.0, 0.0, 0.0, 0.18181818181818182, 0.0, 0.0, 0.0, 0.0, 0.0, 0.8181818181818182, 0.0], [0.0, 0.0, 1.0, 0.0, 0.0, 0.0, 0.0, 0.0, 0.0, 0.0, 0.0, 0.0, 0.0, 0.0, 0.0]]","[""BENIGN"", ""BACKDOOR"", ""DDOS_ICMP"", ""PASSWORD"", ""DDOS_HTTP"", ""DDOS_TCP"", ""SQL_INJECTION"", ""DDOS_UDP"", ""VULNERABILITY_SCANNER"", ""UPLOADING"", ""XSS"", ""PORT_SCANNING"", ""RANSOMWARE"", ""MITM"", ""FINGERPRINTING""]",0.10555650831761276,1.0,2.86102294921875e-05,0.877402649138532,0.10555650831761276,2.86102294921875e-05,,12.740127985263136,12.987103774540847,1.459609369222213,145.96093884595538,4888.778416003333,1,0.01,64,,,,,,,,,,,,False,False,,
1,18,80331,15,0.06865636801723797,0.968880313686438,0.07244726462057759,0.9665774568992345,0.69271021503816,0.6601970356306196,0.6601970356306196,0.0,"{""0"": 1.0, ""1"": 0.7968337730870713, ""2"": 0.9942270686337396, ""3"": 0.7839643652561247, ""4"": 0.87409200968523, ""5"": 0.8217391304347826, ""6"": 1.0, ""7"": 0.9984051036682615, ""8"": 1.0, ""9"": 0.5590909090909091, ""10"": 0.1746031746031746, ""11"": 0.0, ""12"": 0.0, ""13"": 0.9, ""14"": 0.0}","{""0"": 1.0, ""1"": 0.7023255813953488, ""2"": 0.9885204081632653, ""3"": 0.6998011928429424, ""4"": 0.7830802603036876, ""5"": 0.6974169741697417, ""6"": 1.0, ""7"": 0.997874601487779, ""8"": 1.0, ""9"": 0.7409638554216867, ""10"": 0.7333333333333333, ""11"": 0.0, ""12"": 0.0, ""13"": 1.0, ""14"": 0.0}","{""0"": 1.0, ""1"": 0.9207317073170732, ""2"": 1.0, ""3"": 0.8911392405063291, ""4"": 0.989041095890411, ""5"": 1.0, ""6"": 1.0, ""7"": 0.9989361702127659, ""8"": 1.0, ""9"": 0.4489051094890511, ""10"": 0.0990990990990991, ""11"": 0.0, ""12"": 0.0, ""13"": 0.8181818181818182, ""14"": 0.0}","[[11662.0, 0.0, 0.0, 0.0, 0.0, 0.0, 0.0, 0.0, 0.0, 0.0, 0.0, 0.0, 0.0, 0.0, 0.0], [0.0, 151.0, 0.0, 0.0, 0.0, 13.0, 0.0, 0.0, 0.0, 0.0, 0.0, 0.0, 0.0, 0.0, 0.0], [0.0, 0.0, 775.0, 0.0, 0.0, 0.0, 0.0, 0.0, 0.0, 0.0, 0.0, 0.0, 0.0, 0.0, 0.0], [0.0, 0.0, 0.0, 352.0, 0.0, 0.0, 0.0, 0.0, 0.0, 43.0, 0.0, 0.0, 0.0, 0.0, 0.0], [0.0, 0.0, 0.0, 0.0, 361.0, 0.0, 0.0, 0.0, 0.0, 0.0, 4.0, 0.0, 0.0, 0.0, 0.0], [0.0, 0.0, 0.0, 0.0, 0.0, 378.0, 0.0, 0.0, 0.0, 0.0, 0.0, 0.0, 0.0, 0.0, 0.0], [0.0, 0.0, 0.0, 0.0, 0.0, 0.0, 392.0, 0.0, 0.0, 0.0, 0.0, 0.0, 0.0, 0.0, 0.0], [0.0, 0.0, 1.0, 0.0, 0.0, 0.0, 0.0, 939.0, 0.0, 0.0, 0.0, 0.0, 0.0, 0.0, 0.0], [0.0, 0.0, 0.0, 0.0, 0.0, 0.0, 0.0, 0.0, 377.0, 0.0, 0.0, 0.0, 0.0, 0.0, 0.0], [0.0, 0.0, 0.0, 151.0, 0.0, 0.0, 0.0, 0.0, 0.0, 123.0, 0.0, 0.0, 0.0, 0.0, 0.0], [0.0, 0.0, 0.0, 0.0, 100.0, 0.0, 0.0, 0.0, 0.0, 0.0, 11.0, 0.0, 0.0, 0.0, 0.0], [0.0, 0.0, 0.0, 0.0, 0.0, 142.0, 0.0, 0.0, 0.0, 0.0, 0.0, 0.0, 0.0, 0.0, 0.0], [0.0, 64.0, 0.0, 0.0, 0.0, 9.0, 0.0, 0.0, 0.0, 0.0, 0.0, 0.0, 0.0, 0.0, 0.0], [0.0, 0.0, 0.0, 0.0, 0.0, 0.0, 0.0, 2.0, 0.0, 0.0, 0.0, 0.0, 0.0, 9.0, 0.0], [0.0, 0.0, 8.0, 0.0, 0.0, 0.0, 0.0, 0.0, 0.0, 0.0, 0.0, 0.0, 0.0, 0.0, 0.0]]","[[1.0, 0.0, 0.0, 0.0, 0.0, 0.0, 0.0, 0.0, 0.0, 0.0, 0.0, 0.0, 0.0, 0.0, 0.0], [0.0, 0.9207317073170732, 0.0, 0.0, 0.0, 0.07926829268292683, 0.0, 0.0, 0.0, 0.0, 0.0, 0.0, 0.0, 0.0, 0.0], [0.0, 0.0, 1.0, 0.0, 0.0, 0.0, 0.0, 0.0, 0.0, 0.0, 0.0, 0.0, 0.0, 0.0, 0.0], [0.0, 0.0, 0.0, 0.8911392405063291, 0.0, 0.0, 0.0, 0.0, 0.0, 0.10886075949367088, 0.0, 0.0, 0.0, 0.0, 0.0], [0.0, 0.0, 0.0, 0.0, 0.989041095890411, 0.0, 0.0, 0.0, 0.0, 0.0, 0.010958904109589041, 0.0, 0.0, 0.0, 0.0], [0.0, 0.0, 0.0, 0.0, 0.0, 1.0, 0.0, 0.0, 0.0, 0.0, 0.0, 0.0, 0.0, 0.0, 0.0], [0.0, 0.0, 0.0, 0.0, 0.0, 0.0, 1.0, 0.0, 0.0, 0.0, 0.0, 0.0, 0.0, 0.0, 0.0], [0.0, 0.0, 0.0010638297872340426, 0.0, 0.0, 0.0, 0.0, 0.9989361702127659, 0.0, 0.0, 0.0, 0.0, 0.0, 0.0, 0.0], [0.0, 0.0, 0.0, 0.0, 0.0, 0.0, 0.0, 0.0, 1.0, 0.0, 0.0, 0.0, 0.0, 0.0, 0.0], [0.0, 0.0, 0.0, 0.551094890510949, 0.0, 0.0, 0.0, 0.0, 0.0, 0.4489051094890511, 0.0, 0.0, 0.0, 0.0, 0.0], [0.0, 0.0, 0.0, 0.0, 0.9009009009009009, 0.0, 0.0, 0.0, 0.0, 0.0, 0.0990990990990991, 0.0, 0.0, 0.0, 0.0], [0.0, 0.0, 0.0, 0.0, 0.0, 1.0, 0.0, 0.0, 0.0, 0.0, 0.0, 0.0, 0.0, 0.0, 0.0], [0.0, 0.8767123287671232, 0.0, 0.0, 0.0, 0.1232876712328767, 0.0, 0.0, 0.0, 0.0, 0.0, 0.0, 0.0, 0.0, 0.0], [0.0, 0.0, 0.0, 0.0, 0.0, 0.0, 0.0, 0.18181818181818182, 0.0, 0.0, 0.0, 0.0, 0.0, 0.8181818181818182, 0.0], [0.0, 0.0, 1.0, 0.0, 0.0, 0.0, 0.0, 0.0, 0.0, 0.0, 0.0, 0.0, 0.0, 0.0, 0.0]]","[""BENIGN"", ""BACKDOOR"", ""DDOS_ICMP"", ""PASSWORD"", ""DDOS_HTTP"", ""DDOS_TCP"", ""SQL_INJECTION"", ""DDOS_UDP"", ""VULNERABILITY_SCANNER"", ""UPLOADING"", ""XSS"", ""PORT_SCANNING"", ""RANSOMWARE"", ""MITM"", ""FINGERPRINTING""]",0.10770022294632138,1.0,1.1920928955078125e-05,0.8752235247367375,0.10770022294632138,1.1920928955078125e-05,,12.862515294368983,13.01679859846507,0.9415460088080447,94.15459982827839,4854.0615839883685,1,0.01,64,,,,,,,,,,,,False,False,,
1,19,80331,15,0.06756683261368027,0.967386568743387,0.07853174484548148,0.9625318976784714,0.6825723744019729,0.684143591114477,0.684143591114477,0.0,"{""0"": 1.0, ""1"": 0.7978142076502732, ""2"": 0.9948652118100129, ""3"": 0.6480117820324006, ""4"": 0.8680142687277052, ""5"": 0.7786666666666666, ""6"": 1.0, ""7"": 0.9989373007438895, ""8"": 0.9973404255319149, ""9"": 0.637329286798179, ""10"": 0.0, ""11"": 0.4551282051282051, ""12"": 0.18604651162790697, ""13"": 0.9, ""14"": 0.0}","{""0"": 1.0, ""1"": 0.7227722772277227, ""2"": 0.9897828863346104, ""3"": 0.7746478873239436, ""4"": 0.7668067226890757, ""5"": 0.7849462365591398, ""6"": 1.0, ""7"": 0.9978768577494692, ""8"": 1.0, ""9"": 0.5454545454545454, ""10"": 0.0, ""11"": 0.4176470588235294, ""12"": 0.6153846153846154, ""13"": 1.0, ""14"": 0.0}","{""0"": 1.0, ""1"": 0.8902439024390244, ""2"": 1.0, ""3"": 0.5569620253164557, ""4"": 1.0, ""5"": 0.7724867724867724, ""6"": 1.0, ""7"": 1.0, ""8"": 0.9946949602122016, ""9"": 0.7664233576642335, ""10"": 0.0, ""11"": 0.5, ""12"": 0.1095890410958904, ""13"": 0.8181818181818182, ""14"": 0.0}","[[11662.0, 0.0, 0.0, 0.0, 0.0, 0.0, 0.0, 0.0, 0.0, 0.0, 0.0, 0.0, 0.0, 0.0, 0.0], [0.0, 146.0, 0.0, 0.0, 0.0, 6.0, 0.0, 0.0, 0.0, 0.0, 0.0, 7.0, 5.0, 0.0, 0.0], [0.0, 0.0, 775.0, 0.0, 0.0, 0.0, 0.0, 0.0, 0.0, 0.0, 0.0, 0.0, 0.0, 0.0, 0.0], [0.0, 0.0, 0.0, 220.0, 0.0, 0.0, 0.0, 0.0, 0.0, 175.0, 0.0, 0.0, 0.0, 0.0, 0.0], [0.0, 0.0, 0.0, 0.0, 365.0, 0.0, 0.0, 0.0, 0.0, 0.0, 0.0, 0.0, 0.0, 0.0, 0.0], [0.0, 0.0, 0.0, 0.0, 0.0, 292.0, 0.0, 0.0, 0.0, 0.0, 0.0, 86.0, 0.0, 0.0, 0.0], [0.0, 0.0, 0.0, 0.0, 0.0, 0.0, 392.0, 0.0, 0.0, 0.0, 0.0, 0.0, 0.0, 0.0, 0.0], [0.0, 0.0, 0.0, 0.0, 0.0, 0.0, 0.0, 940.0, 0.0, 0.0, 0.0, 0.0, 0.0, 0.0, 0.0], [0.0, 0.0, 0.0, 0.0, 0.0, 0.0, 0.0, 0.0, 375.0, 0.0, 2.0, 0.0, 0.0, 0.0, 0.0], [0.0, 0.0, 0.0, 64.0, 0.0, 0.0, 0.0, 0.0, 0.0, 210.0, 0.0, 0.0, 0.0, 0.0, 0.0], [0.0, 0.0, 0.0, 0.0, 111.0, 0.0, 0.0, 0.0, 0.0, 0.0, 0.0, 0.0, 0.0, 0.0, 0.0], [0.0, 0.0, 0.0, 0.0, 0.0, 71.0, 0.0, 0.0, 0.0, 0.0, 0.0, 71.0, 0.0, 0.0, 0.0], [0.0, 56.0, 0.0, 0.0, 0.0, 3.0, 0.0, 0.0, 0.0, 0.0, 0.0, 6.0, 8.0, 0.0, 0.0], [0.0, 0.0, 0.0, 0.0, 0.0, 0.0, 0.0, 2.0, 0.0, 0.0, 0.0, 0.0, 0.0, 9.0, 0.0], [0.0, 0.0, 8.0, 0.0, 0.0, 0.0, 0.0, 0.0, 0.0, 0.0, 0.0, 0.0, 0.0, 0.0, 0.0]]","[[1.0, 0.0, 0.0, 0.0, 0.0, 0.0, 0.0, 0.0, 0.0, 0.0, 0.0, 0.0, 0.0, 0.0, 0.0], [0.0, 0.8902439024390244, 0.0, 0.0, 0.0, 0.036585365853658534, 0.0, 0.0, 0.0, 0.0, 0.0, 0.042682926829268296, 0.03048780487804878, 0.0, 0.0], [0.0, 0.0, 1.0, 0.0, 0.0, 0.0, 0.0, 0.0, 0.0, 0.0, 0.0, 0.0, 0.0, 0.0, 0.0], [0.0, 0.0, 0.0, 0.5569620253164557, 0.0, 0.0, 0.0, 0.0, 0.0, 0.4430379746835443, 0.0, 0.0, 0.0, 0.0, 0.0], [0.0, 0.0, 0.0, 0.0, 1.0, 0.0, 0.0, 0.0, 0.0, 0.0, 0.0, 0.0, 0.0, 0.0, 0.0], [0.0, 0.0, 0.0, 0.0, 0.0, 0.7724867724867724, 0.0, 0.0, 0.0, 0.0, 0.0, 0.2275132275132275, 0.0, 0.0, 0.0], [0.0, 0.0, 0.0, 0.0, 0.0, 0.0, 1.0, 0.0, 0.0, 0.0, 0.0, 0.0, 0.0, 0.0, 0.0], [0.0, 0.0, 0.0, 0.0, 0.0, 0.0, 0.0, 1.0, 0.0, 0.0, 0.0, 0.0, 0.0, 0.0, 0.0], [0.0, 0.0, 0.0, 0.0, 0.0, 0.0, 0.0, 0.0, 0.9946949602122016, 0.0, 0.005305039787798408, 0.0, 0.0, 0.0, 0.0], [0.0, 0.0, 0.0, 0.23357664233576642, 0.0, 0.0, 0.0, 0.0, 0.0, 0.7664233576642335, 0.0, 0.0, 0.0, 0.0, 0.0], [0.0, 0.0, 0.0, 0.0, 1.0, 0.0, 0.0, 0.0, 0.0, 0.0, 0.0, 0.0, 0.0, 0.0, 0.0], [0.0, 0.0, 0.0, 0.0, 0.0, 0.5, 0.0, 0.0, 0.0, 0.0, 0.0, 0.5, 0.0, 0.0, 0.0], [0.0, 0.7671232876712328, 0.0, 0.0, 0.0, 0.0410958904109589, 0.0, 0.0, 0.0, 0.0, 0.0, 0.0821917808219178, 0.1095890410958904, 0.0, 0.0], [0.0, 0.0, 0.0, 0.0, 0.0, 0.0, 0.0, 0.18181818181818182, 0.0, 0.0, 0.0, 0.0, 0.0, 0.8181818181818182, 0.0], [0.0, 0.0, 1.0, 0.0, 0.0, 0.0, 0.0, 0.0, 0.0, 0.0, 0.0, 0.0, 0.0, 0.0, 0.0]]","[""BENIGN"", ""BACKDOOR"", ""DDOS_ICMP"", ""PASSWORD"", ""DDOS_HTTP"", ""DDOS_TCP"", ""SQL_INJECTION"", ""DDOS_UDP"", ""VULNERABILITY_SCANNER"", ""UPLOADING"", ""XSS"", ""PORT_SCANNING"", ""RANSOMWARE"", ""MITM"", ""FINGERPRINTING""]",0.10418453095523923,1.0,2.4318695068359375e-05,0.8788029925187032,0.10418453095523923,2.4318695068359375e-05,,13.001910399403569,13.19925525205272,1.1943441977102203,119.43441568860672,4847.371708019637,1,0.01,64,,,,,,,,,,,,False,False,,
1,20,80331,15,0.0672311721647491,0.9696894255305907,0.0702628896278419,0.9681956805875397,0.7114122492058372,0.7408621330536193,0.7408621330536193,0.0,"{""0"": 1.0, ""1"": 0.7537993920972644, ""2"": 0.9948652118100129, ""3"": 0.78125, ""4"": 0.8781163434903048, ""5"": 0.8351648351648352, ""6"": 1.0, ""7"": 0.9989373007438895, ""8"": 1.0, ""9"": 0.4444444444444444, ""10"": 0.6173913043478261, ""11"": 0.5349794238683128, ""12"": 0.37398373983739835, ""13"": 0.9, ""14"": 0.0}","{""0"": 1.0, ""1"": 0.7515151515151515, ""2"": 0.9897828863346104, ""3"": 0.6637168141592921, ""4"": 0.8879551820728291, ""5"": 0.7755102040816326, ""6"": 1.0, ""7"": 0.9978768577494692, ""8"": 1.0, ""9"": 0.8076923076923077, ""10"": 0.5966386554621849, ""11"": 0.6435643564356436, ""12"": 0.46, ""13"": 1.0, ""14"": 0.0}","{""0"": 1.0, ""1"": 0.7560975609756098, ""2"": 1.0, ""3"": 0.9493670886075949, ""4"": 0.8684931506849315, ""5"": 0.9047619047619048, ""6"": 1.0, ""7"": 1.0, ""8"": 1.0, ""9"": 0.30656934306569344, ""10"": 0.6396396396396397, ""11"": 0.45774647887323944, ""12"": 0.3150684931506849, ""13"": 0.8181818181818182, ""14"": 0.0}","[[11662.0, 0.0, 0.0, 0.0, 0.0, 0.0, 0.0, 0.0, 0.0, 0.0, 0.0, 0.0, 0.0, 0.0, 0.0], [0.0, 124.0, 0.0, 0.0, 0.0, 13.0, 0.0, 0.0, 0.0, 0.0, 0.0, 0.0, 27.0, 0.0, 0.0], [0.0, 0.0, 775.0, 0.0, 0.0, 0.0, 0.0, 0.0, 0.0, 0.0, 0.0, 0.0, 0.0, 0.0, 0.0], [0.0, 0.0, 0.0, 375.0, 0.0, 0.0, 0.0, 0.0, 0.0, 20.0, 0.0, 0.0, 0.0, 0.0, 0.0], [0.0, 0.0, 0.0, 0.0, 317.0, 0.0, 0.0, 0.0, 0.0, 0.0, 48.0, 0.0, 0.0, 0.0, 0.0], [0.0, 0.0, 0.0, 0.0, 0.0, 342.0, 0.0, 0.0, 0.0, 0.0, 0.0, 36.0, 0.0, 0.0, 0.0], [0.0, 0.0, 0.0, 0.0, 0.0, 0.0, 392.0, 0.0, 0.0, 0.0, 0.0, 0.0, 0.0, 0.0, 0.0], [0.0, 0.0, 0.0, 0.0, 0.0, 0.0, 0.0, 940.0, 0.0, 0.0, 0.0, 0.0, 0.0, 0.0, 0.0], [0.0, 0.0, 0.0, 0.0, 0.0, 0.0, 0.0, 0.0, 377.0, 0.0, 0.0, 0.0, 0.0, 0.0, 0.0], [0.0, 0.0, 0.0, 190.0, 0.0, 0.0, 0.0, 0.0, 0.0, 84.0, 0.0, 0.0, 0.0, 0.0, 0.0], [0.0, 0.0, 0.0, 0.0, 40.0, 0.0, 0.0, 0.0, 0.0, 0.0, 71.0, 0.0, 0.0, 0.0, 0.0], [0.0, 0.0, 0.0, 0.0, 0.0, 77.0, 0.0, 0.0, 0.0, 0.0, 0.0, 65.0, 0.0, 0.0, 0.0], [0.0, 41.0, 0.0, 0.0, 0.0, 9.0, 0.0, 0.0, 0.0, 0.0, 0.0, 0.0, 23.0, 0.0, 0.0], [0.0, 0.0, 0.0, 0.0, 0.0, 0.0, 0.0, 2.0, 0.0, 0.0, 0.0, 0.0, 0.0, 9.0, 0.0], [0.0, 0.0, 8.0, 0.0, 0.0, 0.0, 0.0, 0.0, 0.0, 0.0, 0.0, 0.0, 0.0, 0.0, 0.0]]","[[1.0, 0.0, 0.0, 0.0, 0.0, 0.0, 0.0, 0.0, 0.0, 0.0, 0.0, 0.0, 0.0, 0.0, 0.0], [0.0, 0.7560975609756098, 0.0, 0.0, 0.0, 0.07926829268292683, 0.0, 0.0, 0.0, 0.0, 0.0, 0.0, 0.16463414634146342, 0.0, 0.0], [0.0, 0.0, 1.0, 0.0, 0.0, 0.0, 0.0, 0.0, 0.0, 0.0, 0.0, 0.0, 0.0, 0.0, 0.0], [0.0, 0.0, 0.0, 0.9493670886075949, 0.0, 0.0, 0.0, 0.0, 0.0, 0.05063291139240506, 0.0, 0.0, 0.0, 0.0, 0.0], [0.0, 0.0, 0.0, 0.0, 0.8684931506849315, 0.0, 0.0, 0.0, 0.0, 0.0, 0.13150684931506848, 0.0, 0.0, 0.0, 0.0], [0.0, 0.0, 0.0, 0.0, 0.0, 0.9047619047619048, 0.0, 0.0, 0.0, 0.0, 0.0, 0.09523809523809523, 0.0, 0.0, 0.0], [0.0, 0.0, 0.0, 0.0, 0.0, 0.0, 1.0, 0.0, 0.0, 0.0, 0.0, 0.0, 0.0, 0.0, 0.0], [0.0, 0.0, 0.0, 0.0, 0.0, 0.0, 0.0, 1.0, 0.0, 0.0, 0.0, 0.0, 0.0, 0.0, 0.0], [0.0, 0.0, 0.0, 0.0, 0.0, 0.0, 0.0, 0.0, 1.0, 0.0, 0.0, 0.0, 0.0, 0.0, 0.0], [0.0, 0.0, 0.0, 0.6934306569343066, 0.0, 0.0, 0.0, 0.0, 0.0, 0.30656934306569344, 0.0, 0.0, 0.0, 0.0, 0.0], [0.0, 0.0, 0.0, 0.0, 0.36036036036036034, 0.0, 0.0, 0.0, 0.0, 0.0, 0.6396396396396397, 0.0, 0.0, 0.0, 0.0], [0.0, 0.0, 0.0, 0.0, 0.0, 0.5422535211267606, 0.0, 0.0, 0.0, 0.0, 0.0, 0.45774647887323944, 0.0, 0.0, 0.0], [0.0, 0.5616438356164384, 0.0, 0.0, 0.0, 0.1232876712328767, 0.0, 0.0, 0.0, 0.0, 0.0, 0.0, 0.3150684931506849, 0.0, 0.0], [0.0, 0.0, 0.0, 0.0, 0.0, 0.0, 0.0, 0.18181818181818182, 0.0, 0.0, 0.0, 0.0, 0.0, 0.8181818181818182, 0.0], [0.0, 0.0, 1.0, 0.0, 0.0, 0.0, 0.0, 0.0, 0.0, 0.0, 0.0, 0.0, 0.0, 0.0, 0.0]]","[""BENIGN"", ""BACKDOOR"", ""DDOS_ICMP"", ""PASSWORD"", ""DDOS_HTTP"", ""DDOS_TCP"", ""SQL_INJECTION"", ""DDOS_UDP"", ""VULNERABILITY_SCANNER"", ""UPLOADING"", ""XSS"", ""PORT_SCANNING"", ""RANSOMWARE"", ""MITM"", ""FINGERPRINTING""]",0.10289830217801406,1.0,1.1563301086425781e-05,0.8801198801198801,0.10289830217801406,1.1563301086425781e-05,,13.13443219070091,13.352654928579195,1.182669484079185,118.26695075131788,4839.391083020018,1,0.01,64,,,,,,,,,,,,False,False,,
